"GeographyCode","QS104EW0001","QS104EW0002","QS104EW0003"
"E00032987",198,92,106
"E00032988",348,203,145
"E00032989",333,214,119
"E00032990",330,197,133
"E00032991",320,194,126
"E00032992",240,139,101
"E00032993",282,149,133
"E00032994",111,59,52
"E00032995",268,133,135
"E00032996",417,195,222
"E00032997",211,109,102
"E00032998",337,175,162
"E00032999",359,209,150
"E00033000",177,75,102
"E00033002",227,122,105
"E00033004",252,139,113
"E00033005",402,184,218
"E00033006",271,137,134
"E00033007",317,158,159
"E00033008",345,147,198
"E00033012",149,85,64
"E00033013",202,95,107
"E00033015",209,136,73
"E00033016",597,327,270
"E00033018",270,116,154
"E00033019",350,217,133
"E00033020",231,134,97
"E00033021",262,130,132
"E00033023",433,209,224
"E00033024",178,90,88
"E00033025",265,114,151
"E00033026",219,104,115
"E00033027",393,199,194
"E00033029",240,137,103
"E00033030",321,158,163
"E00033031",309,136,173
"E00033032",347,171,176
"E00033033",288,168,120
"E00033034",313,163,150
"E00033035",359,174,185
"E00033036",191,97,94
"E00033037",314,136,178
"E00033038",166,82,84
"E00033040",270,142,128
"E00033041",262,118,144
"E00033042",239,120,119
"E00033043",252,125,127
"E00033044",239,114,125
"E00033045",215,85,130
"E00033046",180,81,99
"E00033047",328,170,158
"E00033048",252,124,128
"E00033049",372,191,181
"E00033050",227,118,109
"E00033051",308,167,141
"E00033052",379,205,174
"E00033053",278,133,145
"E00033054",158,75,83
"E00033055",244,127,117
"E00033056",278,139,139
"E00033057",292,136,156
"E00033059",307,146,161
"E00033060",204,93,111
"E00033061",235,122,113
"E00033062",264,133,131
"E00033063",259,118,141
"E00033064",235,111,124
"E00033065",293,144,149
"E00033066",242,125,117
"E00033067",279,161,118
"E00033068",327,181,146
"E00033069",248,146,102
"E00033070",279,170,109
"E00033071",275,130,145
"E00033072",304,176,128
"E00033073",257,139,118
"E00033074",299,172,127
"E00033075",254,160,94
"E00033076",397,173,224
"E00033077",292,134,158
"E00033078",329,159,170
"E00033079",230,122,108
"E00033080",197,113,84
"E00033081",220,116,104
"E00033082",312,161,151
"E00033083",336,177,159
"E00033084",325,162,163
"E00033085",321,152,169
"E00033086",249,100,149
"E00033087",397,190,207
"E00033088",239,114,125
"E00033089",302,150,152
"E00033090",376,179,197
"E00033091",306,149,157
"E00033092",307,157,150
"E00033093",372,184,188
"E00033094",328,163,165
"E00033095",443,202,241
"E00033096",262,139,123
"E00033097",263,118,145
"E00033098",277,144,133
"E00033099",163,69,94
"E00033100",297,153,144
"E00033101",212,108,104
"E00033102",429,208,221
"E00033103",298,139,159
"E00033104",275,120,155
"E00033105",293,143,150
"E00033106",286,136,150
"E00033107",353,163,190
"E00033108",317,136,181
"E00033109",322,162,160
"E00033110",340,165,175
"E00033112",308,157,151
"E00033113",246,127,119
"E00033114",308,159,149
"E00033115",132,66,66
"E00033116",190,76,114
"E00033117",385,180,205
"E00033118",331,153,178
"E00033119",262,126,136
"E00033120",313,145,168
"E00033121",220,103,117
"E00033122",275,130,145
"E00033123",258,116,142
"E00033124",307,156,151
"E00033125",187,103,84
"E00033126",254,130,124
"E00033127",524,242,282
"E00033128",268,111,157
"E00033129",256,127,129
"E00033130",360,182,178
"E00033131",275,125,150
"E00033132",459,214,245
"E00033133",366,144,222
"E00033134",190,92,98
"E00033135",445,211,234
"E00033136",225,109,116
"E00033137",289,163,126
"E00033138",171,84,87
"E00033139",248,140,108
"E00033140",202,89,113
"E00033141",208,95,113
"E00033142",273,123,150
"E00033143",261,136,125
"E00033144",204,98,106
"E00033145",294,141,153
"E00033146",304,150,154
"E00033147",308,149,159
"E00033148",258,116,142
"E00033149",226,116,110
"E00033150",316,170,146
"E00033151",262,138,124
"E00033152",305,167,138
"E00033153",427,201,226
"E00033154",156,84,72
"E00033155",266,125,141
"E00033156",238,121,117
"E00033157",326,165,161
"E00033158",302,146,156
"E00033159",197,80,117
"E00033160",354,188,166
"E00033161",295,154,141
"E00033162",280,146,134
"E00033163",277,149,128
"E00033164",351,154,197
"E00033165",166,78,88
"E00033166",158,92,66
"E00033167",310,149,161
"E00033168",285,138,147
"E00033169",302,154,148
"E00033170",360,173,187
"E00033171",345,169,176
"E00033172",242,152,90
"E00033173",315,137,178
"E00033174",297,128,169
"E00033175",279,132,147
"E00033176",264,119,145
"E00033177",298,144,154
"E00033178",174,97,77
"E00033179",322,148,174
"E00033181",425,217,208
"E00033182",368,203,165
"E00033183",586,311,275
"E00033185",340,179,161
"E00033186",318,147,171
"E00033187",218,124,94
"E00033188",327,184,143
"E00033189",509,286,223
"E00033190",574,297,277
"E00033191",449,211,238
"E00033192",434,219,215
"E00033193",327,171,156
"E00033194",345,173,172
"E00033195",249,117,132
"E00033196",292,175,117
"E00033197",372,185,187
"E00033198",393,160,233
"E00033199",185,106,79
"E00033200",289,113,176
"E00033201",235,108,127
"E00033202",315,141,174
"E00033203",247,128,119
"E00033204",252,129,123
"E00033206",557,302,255
"E00033207",293,138,155
"E00033208",257,134,123
"E00033209",324,180,144
"E00033210",271,162,109
"E00033211",357,187,170
"E00033212",314,166,148
"E00033213",401,225,176
"E00033214",538,304,234
"E00033215",349,200,149
"E00033216",254,134,120
"E00033217",287,167,120
"E00033218",303,149,154
"E00033219",378,194,184
"E00033220",389,223,166
"E00033221",249,170,79
"E00033222",178,88,90
"E00033223",248,159,89
"E00033224",301,119,182
"E00033225",303,164,139
"E00033226",417,197,220
"E00033227",262,136,126
"E00033228",341,175,166
"E00033229",284,139,145
"E00033230",279,132,147
"E00033231",203,109,94
"E00033235",228,109,119
"E00033237",276,140,136
"E00033238",463,212,251
"E00033242",233,109,124
"E00033245",315,171,144
"E00033246",253,132,121
"E00033247",333,150,183
"E00033248",294,194,100
"E00033249",285,125,160
"E00033250",226,105,121
"E00033251",222,114,108
"E00033252",350,170,180
"E00033253",240,121,119
"E00033254",358,168,190
"E00033255",267,130,137
"E00033256",225,104,121
"E00033257",308,164,144
"E00033258",329,141,188
"E00033259",135,64,71
"E00033260",245,115,130
"E00033261",247,112,135
"E00033262",154,80,74
"E00033263",145,81,64
"E00033264",279,139,140
"E00033265",298,140,158
"E00033266",314,165,149
"E00033267",250,114,136
"E00033268",291,151,140
"E00033269",243,111,132
"E00033270",345,166,179
"E00033271",395,187,208
"E00033272",301,149,152
"E00033274",259,138,121
"E00033275",286,123,163
"E00033276",225,113,112
"E00033277",224,106,118
"E00033278",225,94,131
"E00033279",276,127,149
"E00033281",307,166,141
"E00033282",303,135,168
"E00033283",276,124,152
"E00033284",251,158,93
"E00033285",300,141,159
"E00033286",218,101,117
"E00033287",306,152,154
"E00033288",321,150,171
"E00033289",229,110,119
"E00033290",368,159,209
"E00033291",498,236,262
"E00033292",203,99,104
"E00033293",319,141,178
"E00033294",232,123,109
"E00033295",283,128,155
"E00033296",268,135,133
"E00033297",315,155,160
"E00033298",330,147,183
"E00033299",309,142,167
"E00033300",234,123,111
"E00033301",300,147,153
"E00033302",239,87,152
"E00033304",281,121,160
"E00033305",276,126,150
"E00033306",280,124,156
"E00033307",312,142,170
"E00033308",288,132,156
"E00033309",316,142,174
"E00033310",331,162,169
"E00033312",276,136,140
"E00033313",340,157,183
"E00033314",316,139,177
"E00033315",354,166,188
"E00033316",327,149,178
"E00033317",368,177,191
"E00033318",355,162,193
"E00033319",419,204,215
"E00033320",292,149,143
"E00033322",301,145,156
"E00033323",297,149,148
"E00033324",304,153,151
"E00033326",293,129,164
"E00033327",295,136,159
"E00033328",264,131,133
"E00033329",316,153,163
"E00033330",320,150,170
"E00033331",328,161,167
"E00033332",314,158,156
"E00033333",341,160,181
"E00033334",294,137,157
"E00033335",255,118,137
"E00033336",328,155,173
"E00033337",200,98,102
"E00033338",274,141,133
"E00033339",353,173,180
"E00033340",305,151,154
"E00033341",309,158,151
"E00033342",324,157,167
"E00033343",265,131,134
"E00033344",332,143,189
"E00033345",396,190,206
"E00033346",289,129,160
"E00033347",315,142,173
"E00033348",291,145,146
"E00033349",267,153,114
"E00033350",322,158,164
"E00033351",300,133,167
"E00033352",255,121,134
"E00033353",254,121,133
"E00033354",214,126,88
"E00033355",277,130,147
"E00033356",350,175,175
"E00033357",266,110,156
"E00033358",221,102,119
"E00033359",324,152,172
"E00033360",354,170,184
"E00033361",429,198,231
"E00033362",272,126,146
"E00033363",196,95,101
"E00033364",362,180,182
"E00033365",448,220,228
"E00033366",284,140,144
"E00033367",336,172,164
"E00033368",269,131,138
"E00033369",373,174,199
"E00033370",272,118,154
"E00033371",308,137,171
"E00033372",291,150,141
"E00033373",474,250,224
"E00033374",275,132,143
"E00033375",375,189,186
"E00033376",281,120,161
"E00033377",306,143,163
"E00033378",334,156,178
"E00033379",273,123,150
"E00033380",246,113,133
"E00033381",208,82,126
"E00033382",332,172,160
"E00033383",281,130,151
"E00033384",356,160,196
"E00033385",317,161,156
"E00033386",352,176,176
"E00033387",219,116,103
"E00033388",288,136,152
"E00033389",293,138,155
"E00033391",346,176,170
"E00033392",285,161,124
"E00033394",284,147,137
"E00033395",335,165,170
"E00033396",291,140,151
"E00033397",323,161,162
"E00033399",330,152,178
"E00033400",299,141,158
"E00033401",275,134,141
"E00033402",346,163,183
"E00033403",348,159,189
"E00033404",332,182,150
"E00033405",305,150,155
"E00033406",321,163,158
"E00033407",328,179,149
"E00033408",327,166,161
"E00033409",314,135,179
"E00033410",289,151,138
"E00033411",330,155,175
"E00033412",347,183,164
"E00033413",242,126,116
"E00033414",330,156,174
"E00033415",274,144,130
"E00033416",359,178,181
"E00033417",339,169,170
"E00033418",429,213,216
"E00033419",332,141,191
"E00033420",388,187,201
"E00033421",309,146,163
"E00033422",467,229,238
"E00033423",315,146,169
"E00033424",304,133,171
"E00033425",245,117,128
"E00033426",302,150,152
"E00033427",240,116,124
"E00033428",309,144,165
"E00033432",321,146,175
"E00033435",289,135,154
"E00033436",275,135,140
"E00033437",266,125,141
"E00033438",307,148,159
"E00033439",358,163,195
"E00033440",348,163,185
"E00033441",301,137,164
"E00033442",336,155,181
"E00033443",158,77,81
"E00033444",254,121,133
"E00033445",257,118,139
"E00033446",277,128,149
"E00033447",159,72,87
"E00033448",308,147,161
"E00033449",297,142,155
"E00033450",301,142,159
"E00033451",231,111,120
"E00033452",229,111,118
"E00033453",148,82,66
"E00033454",489,231,258
"E00033455",231,110,121
"E00033456",336,175,161
"E00033457",214,94,120
"E00033458",227,103,124
"E00033459",268,126,142
"E00033460",200,89,111
"E00033462",217,88,129
"E00033463",228,110,118
"E00033464",284,132,152
"E00033466",278,135,143
"E00033468",286,118,168
"E00033470",324,147,177
"E00033471",293,136,157
"E00033472",249,110,139
"E00033473",272,126,146
"E00033474",229,110,119
"E00033475",287,152,135
"E00033476",234,126,108
"E00033477",177,90,87
"E00033478",273,132,141
"E00033479",390,189,201
"E00033480",281,138,143
"E00033481",399,174,225
"E00033482",282,132,150
"E00033483",338,159,179
"E00033484",292,139,153
"E00033485",318,143,175
"E00033486",348,154,194
"E00033487",239,133,106
"E00033488",235,110,125
"E00033489",312,138,174
"E00033490",268,130,138
"E00033491",224,121,103
"E00033492",330,166,164
"E00033493",289,144,145
"E00033494",254,121,133
"E00033495",335,147,188
"E00033496",299,141,158
"E00033497",222,97,125
"E00033498",112,77,35
"E00033501",123,76,47
"E00033502",240,120,120
"E00033503",247,122,125
"E00033504",315,142,173
"E00033505",215,100,115
"E00033506",305,151,154
"E00033507",247,134,113
"E00033508",228,107,121
"E00033509",287,134,153
"E00033510",290,121,169
"E00033511",232,112,120
"E00033512",209,109,100
"E00033513",293,137,156
"E00033514",234,104,130
"E00033515",281,128,153
"E00033516",251,121,130
"E00033517",298,152,146
"E00033518",254,126,128
"E00033519",329,145,184
"E00033520",186,91,95
"E00033521",246,122,124
"E00033522",285,157,128
"E00033523",341,149,192
"E00033524",416,191,225
"E00033525",331,170,161
"E00033526",269,123,146
"E00033527",384,171,213
"E00033528",256,123,133
"E00033530",448,227,221
"E00033531",359,174,185
"E00033532",392,187,205
"E00033533",235,113,122
"E00033534",218,106,112
"E00033535",305,144,161
"E00033536",314,144,170
"E00033537",288,124,164
"E00033538",320,151,169
"E00033539",315,146,169
"E00033540",314,148,166
"E00033541",323,165,158
"E00033542",271,129,142
"E00033543",254,122,132
"E00033544",227,104,123
"E00033545",257,121,136
"E00033546",356,174,182
"E00033547",292,141,151
"E00033548",235,106,129
"E00033549",337,157,180
"E00033550",301,135,166
"E00033551",219,108,111
"E00033552",330,155,175
"E00033553",354,160,194
"E00033554",331,158,173
"E00033555",269,134,135
"E00033556",312,164,148
"E00033557",317,164,153
"E00033558",300,149,151
"E00033559",260,119,141
"E00033560",316,157,159
"E00033561",299,152,147
"E00033562",314,156,158
"E00033563",341,167,174
"E00033564",350,183,167
"E00033565",286,138,148
"E00033566",310,145,165
"E00033567",342,170,172
"E00033568",348,164,184
"E00033569",255,130,125
"E00033570",375,178,197
"E00033571",243,109,134
"E00033572",279,120,159
"E00033573",187,88,99
"E00033574",321,148,173
"E00033575",244,117,127
"E00033576",231,93,138
"E00033577",290,147,143
"E00033579",317,147,170
"E00033580",247,156,91
"E00033581",496,255,241
"E00033582",334,171,163
"E00033583",230,126,104
"E00033584",588,256,332
"E00033585",291,145,146
"E00033586",298,135,163
"E00033587",286,135,151
"E00033589",315,144,171
"E00033590",173,87,86
"E00033591",220,84,136
"E00033592",307,127,180
"E00033593",200,89,111
"E00033594",367,166,201
"E00033595",309,145,164
"E00033596",345,194,151
"E00033597",223,115,108
"E00033598",214,109,105
"E00033599",225,105,120
"E00033600",240,129,111
"E00033601",264,125,139
"E00033602",273,136,137
"E00033603",302,147,155
"E00033604",244,110,134
"E00033605",286,130,156
"E00033606",252,128,124
"E00033607",214,96,118
"E00033608",330,146,184
"E00033611",302,145,157
"E00033613",255,106,149
"E00033614",338,162,176
"E00033616",366,179,187
"E00033618",362,176,186
"E00033620",309,149,160
"E00033621",270,127,143
"E00033623",364,200,164
"E00033624",280,125,155
"E00033625",323,153,170
"E00033626",438,201,237
"E00033627",356,179,177
"E00033628",312,126,186
"E00033629",438,199,239
"E00033630",237,116,121
"E00033631",227,119,108
"E00033632",334,139,195
"E00033633",240,110,130
"E00033634",362,155,207
"E00033635",270,134,136
"E00033636",417,188,229
"E00033637",483,219,264
"E00033639",302,137,165
"E00033640",304,142,162
"E00033641",303,143,160
"E00033642",366,174,192
"E00033643",229,101,128
"E00033644",228,81,147
"E00033645",251,108,143
"E00033646",105,47,58
"E00033647",306,134,172
"E00033648",259,129,130
"E00033649",311,147,164
"E00033650",297,134,163
"E00033651",141,57,84
"E00033652",281,126,155
"E00033653",329,155,174
"E00033654",212,107,105
"E00033655",433,200,233
"E00033656",220,100,120
"E00033657",210,91,119
"E00033658",309,134,175
"E00033659",392,189,203
"E00033660",303,140,163
"E00033662",374,167,207
"E00033663",215,122,93
"E00033664",233,119,114
"E00033665",436,191,245
"E00033666",236,116,120
"E00033667",284,127,157
"E00033668",278,140,138
"E00033669",297,142,155
"E00033670",289,178,111
"E00033672",372,177,195
"E00033673",268,135,133
"E00033677",225,105,120
"E00033678",299,175,124
"E00033684",421,222,199
"E00033685",321,153,168
"E00033686",271,110,161
"E00033687",389,182,207
"E00033688",265,127,138
"E00033689",330,148,182
"E00033690",356,178,178
"E00033691",216,110,106
"E00033692",302,186,116
"E00033694",235,114,121
"E00033695",304,125,179
"E00033696",426,196,230
"E00033697",341,167,174
"E00033698",410,197,213
"E00033699",323,159,164
"E00033700",209,97,112
"E00033701",363,183,180
"E00033702",161,81,80
"E00033703",276,134,142
"E00033704",393,191,202
"E00033705",366,188,178
"E00033706",264,141,123
"E00033707",241,122,119
"E00033708",194,108,86
"E00033709",202,87,115
"E00033710",307,133,174
"E00033711",124,64,60
"E00033712",360,180,180
"E00033713",271,132,139
"E00033715",362,176,186
"E00033716",204,112,92
"E00033717",239,113,126
"E00033718",334,164,170
"E00033719",347,165,182
"E00033720",324,163,161
"E00033721",312,148,164
"E00033722",224,108,116
"E00033723",372,184,188
"E00033724",321,160,161
"E00033725",354,164,190
"E00033726",230,126,104
"E00033727",305,132,173
"E00033728",500,230,270
"E00033729",231,117,114
"E00033730",301,131,170
"E00033731",164,87,77
"E00033732",276,129,147
"E00033733",237,104,133
"E00033734",230,102,128
"E00033735",111,52,59
"E00033736",249,121,128
"E00033737",386,199,187
"E00033738",188,88,100
"E00033739",252,111,141
"E00033740",317,167,150
"E00033741",281,136,145
"E00033742",290,127,163
"E00033743",270,130,140
"E00033744",356,168,188
"E00033745",199,85,114
"E00033746",291,136,155
"E00033747",364,169,195
"E00033748",264,116,148
"E00033749",315,140,175
"E00033750",353,176,177
"E00033752",420,183,237
"E00033753",251,115,136
"E00033754",307,154,153
"E00033755",319,154,165
"E00033756",319,157,162
"E00033758",251,112,139
"E00033759",202,89,113
"E00033762",306,147,159
"E00033763",331,159,172
"E00033764",384,171,213
"E00033765",312,154,158
"E00033766",388,188,200
"E00033767",282,133,149
"E00033768",275,146,129
"E00033769",207,92,115
"E00033770",420,210,210
"E00033771",366,172,194
"E00033773",279,132,147
"E00033774",290,140,150
"E00033775",455,199,256
"E00033776",293,132,161
"E00033777",271,129,142
"E00033778",340,167,173
"E00033779",284,157,127
"E00033780",253,137,116
"E00033781",343,176,167
"E00033782",305,146,159
"E00033783",323,166,157
"E00033784",482,230,252
"E00033785",298,139,159
"E00033786",451,220,231
"E00033787",349,159,190
"E00033788",318,151,167
"E00033789",295,139,156
"E00033790",303,155,148
"E00033791",363,160,203
"E00033792",203,97,106
"E00033793",327,148,179
"E00033794",287,128,159
"E00033795",283,140,143
"E00033796",213,105,108
"E00033797",236,104,132
"E00033798",368,168,200
"E00033799",300,142,158
"E00033800",201,102,99
"E00033801",267,115,152
"E00033802",189,95,94
"E00033803",267,118,149
"E00033804",291,134,157
"E00033805",177,89,88
"E00033806",190,113,77
"E00033807",442,244,198
"E00033808",246,121,125
"E00033810",264,143,121
"E00033811",598,271,327
"E00033812",391,183,208
"E00033813",534,270,264
"E00033814",353,149,204
"E00033815",311,145,166
"E00033816",313,150,163
"E00033818",321,148,173
"E00033819",244,157,87
"E00033820",251,143,108
"E00033821",161,98,63
"E00033822",429,208,221
"E00033823",167,75,92
"E00033824",483,235,248
"E00033825",305,150,155
"E00033826",330,155,175
"E00033827",224,119,105
"E00033828",345,170,175
"E00033829",220,134,86
"E00033832",263,156,107
"E00033833",298,186,112
"E00033836",138,93,45
"E00033837",287,146,141
"E00033838",259,129,130
"E00033839",519,252,267
"E00033840",334,208,126
"E00033841",286,143,143
"E00033842",399,225,174
"E00033843",371,175,196
"E00033844",348,174,174
"E00033845",213,118,95
"E00033846",411,233,178
"E00033847",249,110,139
"E00033848",383,198,185
"E00033849",347,177,170
"E00033850",380,190,190
"E00033851",291,120,171
"E00033852",269,125,144
"E00033853",299,122,177
"E00033854",377,183,194
"E00033855",180,100,80
"E00033856",297,173,124
"E00033857",248,121,127
"E00033859",246,133,113
"E00033861",296,138,158
"E00033862",294,140,154
"E00033863",310,147,163
"E00033864",279,136,143
"E00033865",368,170,198
"E00033866",310,159,151
"E00033867",299,156,143
"E00033868",333,161,172
"E00033869",315,152,163
"E00033870",257,136,121
"E00033871",298,142,156
"E00033872",330,160,170
"E00033873",316,155,161
"E00033874",329,166,163
"E00033875",318,154,164
"E00033876",289,133,156
"E00033877",354,168,186
"E00033878",287,129,158
"E00033879",300,150,150
"E00033880",457,234,223
"E00033881",321,151,170
"E00033882",280,138,142
"E00033883",287,138,149
"E00033884",333,171,162
"E00033885",466,238,228
"E00033886",276,128,148
"E00033887",388,183,205
"E00033888",335,159,176
"E00033889",306,143,163
"E00033890",198,102,96
"E00033891",297,150,147
"E00033892",114,62,52
"E00033893",269,127,142
"E00033894",311,150,161
"E00033895",207,104,103
"E00033896",291,140,151
"E00033897",274,139,135
"E00033898",359,179,180
"E00033899",259,145,114
"E00033900",265,130,135
"E00033901",306,167,139
"E00033902",343,154,189
"E00033903",210,118,92
"E00033904",296,135,161
"E00033905",181,94,87
"E00033906",203,124,79
"E00033907",286,174,112
"E00033908",282,154,128
"E00033909",280,123,157
"E00033910",386,186,200
"E00033911",368,181,187
"E00033913",233,118,115
"E00033914",330,178,152
"E00033915",196,88,108
"E00033917",292,150,142
"E00033918",247,139,108
"E00033919",250,136,114
"E00033920",245,129,116
"E00033921",313,161,152
"E00033922",341,149,192
"E00033923",232,115,117
"E00033924",381,204,177
"E00033925",236,146,90
"E00033926",300,158,142
"E00033927",378,176,202
"E00033928",262,126,136
"E00033930",260,135,125
"E00033931",278,145,133
"E00033932",316,157,159
"E00033933",256,124,132
"E00033934",291,163,128
"E00033935",330,195,135
"E00033936",273,148,125
"E00033937",196,96,100
"E00033938",284,148,136
"E00033939",273,145,128
"E00033940",301,149,152
"E00033941",318,173,145
"E00033942",354,176,178
"E00033943",292,154,138
"E00033944",248,131,117
"E00033945",195,112,83
"E00033946",410,193,217
"E00033947",269,138,131
"E00033948",333,161,172
"E00033949",280,123,157
"E00033950",413,206,207
"E00033951",249,116,133
"E00033952",354,177,177
"E00033953",379,177,202
"E00033954",214,117,97
"E00033955",344,166,178
"E00033956",102,49,53
"E00033957",314,148,166
"E00033958",320,164,156
"E00033959",264,129,135
"E00033960",331,161,170
"E00033961",277,131,146
"E00033962",292,141,151
"E00033963",357,165,192
"E00033964",286,167,119
"E00033965",281,146,135
"E00033966",257,126,131
"E00033967",300,143,157
"E00033968",145,89,56
"E00033969",246,134,112
"E00033970",298,160,138
"E00033971",190,90,100
"E00033972",251,143,108
"E00033973",182,91,91
"E00033974",287,156,131
"E00033975",349,185,164
"E00033976",211,100,111
"E00033977",156,74,82
"E00033978",165,98,67
"E00033979",121,53,68
"E00033980",242,117,125
"E00033981",148,85,63
"E00033982",110,53,57
"E00033983",233,125,108
"E00033984",235,124,111
"E00033985",206,92,114
"E00033986",266,126,140
"E00033987",260,145,115
"E00033988",246,120,126
"E00033989",229,118,111
"E00033990",314,142,172
"E00033991",289,143,146
"E00033992",264,126,138
"E00033993",418,223,195
"E00033994",376,171,205
"E00033995",252,124,128
"E00033996",297,127,170
"E00033997",341,162,179
"E00033998",293,131,162
"E00033999",290,130,160
"E00034000",295,136,159
"E00034001",349,156,193
"E00034002",239,108,131
"E00034003",229,100,129
"E00034004",204,100,104
"E00034005",309,153,156
"E00034006",265,124,141
"E00034007",214,98,116
"E00034008",280,143,137
"E00034009",242,107,135
"E00034010",205,97,108
"E00034011",363,168,195
"E00034012",281,121,160
"E00034013",270,152,118
"E00034014",245,116,129
"E00034015",296,130,166
"E00034016",265,132,133
"E00034017",326,145,181
"E00034019",287,146,141
"E00034020",323,149,174
"E00034021",304,155,149
"E00034022",391,168,223
"E00034023",229,111,118
"E00034024",299,145,154
"E00034025",360,167,193
"E00034026",271,122,149
"E00034027",230,115,115
"E00034028",354,202,152
"E00034029",466,210,256
"E00034030",268,124,144
"E00034031",236,128,108
"E00034032",324,159,165
"E00034033",255,116,139
"E00034034",307,156,151
"E00034035",314,151,163
"E00034036",314,160,154
"E00034037",333,155,178
"E00034038",346,185,161
"E00034039",301,139,162
"E00034040",268,139,129
"E00034041",318,154,164
"E00034042",307,143,164
"E00034043",339,178,161
"E00034044",350,169,181
"E00034045",330,152,178
"E00034046",276,124,152
"E00034047",283,124,159
"E00034048",266,128,138
"E00034049",297,137,160
"E00034050",321,158,163
"E00034051",199,93,106
"E00034052",266,116,150
"E00034053",400,233,167
"E00034054",328,154,174
"E00034055",327,178,149
"E00034056",237,116,121
"E00034057",237,115,122
"E00034058",277,149,128
"E00034059",430,192,238
"E00034061",356,169,187
"E00034062",474,246,228
"E00034063",468,249,219
"E00034064",490,256,234
"E00034065",292,160,132
"E00034066",270,132,138
"E00034067",307,150,157
"E00034068",299,152,147
"E00034069",435,214,221
"E00034070",359,195,164
"E00034071",385,198,187
"E00034072",303,145,158
"E00034073",277,145,132
"E00034074",332,161,171
"E00034075",261,117,144
"E00034076",301,147,154
"E00034077",247,112,135
"E00034078",266,142,124
"E00034079",291,140,151
"E00034080",236,115,121
"E00034081",378,195,183
"E00034082",241,125,116
"E00034083",273,131,142
"E00034084",282,164,118
"E00034085",268,127,141
"E00034086",178,84,94
"E00034087",251,128,123
"E00034088",301,140,161
"E00034089",308,139,169
"E00034090",330,175,155
"E00034091",241,122,119
"E00034092",226,118,108
"E00034093",385,209,176
"E00034094",430,236,194
"E00034095",250,121,129
"E00034096",336,154,182
"E00034097",342,170,172
"E00034098",334,162,172
"E00034099",316,183,133
"E00034100",327,160,167
"E00034101",278,145,133
"E00034102",263,136,127
"E00034104",322,170,152
"E00034105",363,190,173
"E00034106",225,123,102
"E00034107",322,146,176
"E00034108",195,89,106
"E00034109",195,97,98
"E00034110",309,161,148
"E00034111",267,118,149
"E00034113",305,138,167
"E00034114",316,151,165
"E00034115",293,134,159
"E00034116",337,138,199
"E00034117",272,132,140
"E00034118",222,109,113
"E00034119",293,136,157
"E00034120",279,132,147
"E00034121",287,138,149
"E00034122",327,145,182
"E00034123",362,138,224
"E00034124",337,146,191
"E00034125",294,131,163
"E00034126",371,165,206
"E00034127",350,175,175
"E00034130",288,146,142
"E00034131",379,179,200
"E00034132",189,105,84
"E00034133",248,115,133
"E00034134",311,143,168
"E00034135",221,104,117
"E00034136",335,153,182
"E00034137",269,125,144
"E00034138",306,157,149
"E00034139",299,132,167
"E00034140",234,103,131
"E00034141",228,115,113
"E00034142",388,189,199
"E00034143",312,148,164
"E00034144",361,174,187
"E00034145",250,112,138
"E00034146",310,134,176
"E00034147",247,111,136
"E00034148",409,182,227
"E00034149",280,122,158
"E00034150",208,105,103
"E00034151",305,128,177
"E00034152",298,130,168
"E00034153",312,119,193
"E00034154",341,155,186
"E00034155",398,185,213
"E00034156",271,123,148
"E00034157",293,130,163
"E00034158",335,180,155
"E00034159",289,137,152
"E00034160",267,137,130
"E00034161",264,126,138
"E00034162",369,187,182
"E00034163",253,119,134
"E00034164",338,153,185
"E00034165",263,130,133
"E00034167",394,193,201
"E00034168",331,166,165
"E00034169",287,170,117
"E00034170",304,155,149
"E00034171",244,124,120
"E00034172",290,140,150
"E00034173",243,113,130
"E00034174",251,118,133
"E00034175",248,119,129
"E00034176",162,75,87
"E00034177",267,137,130
"E00034178",295,151,144
"E00034180",360,162,198
"E00034182",133,66,67
"E00034184",252,120,132
"E00034185",238,104,134
"E00034187",221,132,89
"E00034188",335,150,185
"E00034189",276,136,140
"E00034190",257,122,135
"E00034191",239,107,132
"E00034192",352,156,196
"E00034193",283,143,140
"E00034194",246,123,123
"E00034195",236,108,128
"E00034196",337,152,185
"E00034197",317,146,171
"E00034199",322,140,182
"E00034200",531,238,293
"E00034201",262,148,114
"E00034202",287,123,164
"E00034203",395,207,188
"E00034208",267,146,121
"E00034209",168,114,54
"E00034211",243,130,113
"E00034212",253,135,118
"E00034213",439,215,224
"E00034215",136,61,75
"E00034216",451,210,241
"E00034219",279,144,135
"E00034221",283,140,143
"E00034222",350,203,147
"E00034223",237,134,103
"E00034224",383,181,202
"E00034225",323,157,166
"E00034227",360,186,174
"E00034228",400,227,173
"E00034230",423,222,201
"E00034231",358,192,166
"E00034234",359,171,188
"E00034235",339,154,185
"E00034236",286,136,150
"E00034237",310,134,176
"E00034238",140,66,74
"E00034239",349,175,174
"E00034240",286,136,150
"E00034241",293,128,165
"E00034242",277,116,161
"E00034243",431,189,242
"E00034244",321,137,184
"E00034245",297,142,155
"E00034246",284,134,150
"E00034247",255,117,138
"E00034248",205,94,111
"E00034249",289,121,168
"E00034250",388,170,218
"E00034251",277,145,132
"E00034252",447,203,244
"E00034253",429,190,239
"E00034254",323,146,177
"E00034255",337,150,187
"E00034256",336,152,184
"E00034257",298,155,143
"E00034258",340,159,181
"E00034259",316,142,174
"E00034260",266,122,144
"E00034261",291,137,154
"E00034262",295,148,147
"E00034263",230,123,107
"E00034264",315,154,161
"E00034265",549,257,292
"E00034266",311,153,158
"E00034267",269,139,130
"E00034268",462,234,228
"E00034269",204,109,95
"E00034270",357,219,138
"E00034271",301,132,169
"E00034272",329,215,114
"E00034273",158,96,62
"E00034274",216,142,74
"E00034275",295,139,156
"E00034276",310,146,164
"E00034277",247,120,127
"E00034278",335,162,173
"E00034279",305,206,99
"E00034280",187,123,64
"E00034281",170,106,64
"E00034282",419,223,196
"E00034283",387,196,191
"E00034284",289,152,137
"E00034285",313,148,165
"E00034286",325,147,178
"E00034287",279,134,145
"E00034288",304,155,149
"E00034289",226,103,123
"E00034290",298,128,170
"E00034291",221,100,121
"E00034292",268,139,129
"E00034293",267,127,140
"E00034294",567,272,295
"E00034295",228,113,115
"E00034296",321,163,158
"E00034297",288,142,146
"E00034298",323,162,161
"E00034299",253,122,131
"E00034300",244,107,137
"E00034301",266,151,115
"E00034302",289,129,160
"E00034303",259,128,131
"E00034304",259,148,111
"E00034305",285,153,132
"E00034306",315,161,154
"E00034307",244,159,85
"E00034308",353,167,186
"E00034309",292,157,135
"E00034310",337,184,153
"E00034311",298,185,113
"E00034312",302,152,150
"E00034313",332,147,185
"E00034314",259,125,134
"E00034315",228,108,120
"E00034316",273,133,140
"E00034317",391,190,201
"E00034318",285,128,157
"E00034319",310,161,149
"E00034320",180,90,90
"E00034321",109,43,66
"E00034322",288,133,155
"E00034323",298,134,164
"E00034324",296,126,170
"E00034325",275,134,141
"E00034326",256,120,136
"E00034327",272,133,139
"E00034328",336,165,171
"E00034329",244,116,128
"E00034330",231,107,124
"E00034331",271,113,158
"E00034332",324,150,174
"E00034333",300,138,162
"E00034334",207,82,125
"E00034335",254,120,134
"E00034336",228,99,129
"E00034337",350,179,171
"E00034338",273,135,138
"E00034339",302,152,150
"E00034340",230,112,118
"E00034341",342,161,181
"E00034342",224,116,108
"E00034343",258,127,131
"E00034344",277,131,146
"E00034345",232,115,117
"E00034346",111,55,56
"E00034347",230,116,114
"E00034348",246,103,143
"E00034349",301,119,182
"E00034350",252,115,137
"E00034351",332,161,171
"E00034352",268,123,145
"E00034353",277,121,156
"E00034354",258,140,118
"E00034355",322,163,159
"E00034356",136,80,56
"E00034358",362,178,184
"E00034359",253,134,119
"E00034360",177,101,76
"E00034361",198,90,108
"E00034362",225,109,116
"E00034363",263,131,132
"E00034364",216,104,112
"E00034365",308,140,168
"E00034366",345,167,178
"E00034368",271,142,129
"E00034369",255,131,124
"E00034371",246,108,138
"E00034372",274,122,152
"E00034373",204,113,91
"E00034374",265,128,137
"E00034375",424,215,209
"E00034376",341,174,167
"E00034377",322,144,178
"E00034378",324,161,163
"E00034379",348,170,178
"E00034380",335,165,170
"E00034381",570,292,278
"E00034382",358,201,157
"E00034383",467,229,238
"E00034384",330,191,139
"E00034386",399,229,170
"E00034387",240,145,95
"E00034388",262,113,149
"E00034389",208,101,107
"E00034390",363,166,197
"E00034391",387,181,206
"E00034392",336,159,177
"E00034393",260,117,143
"E00034394",290,137,153
"E00034395",242,112,130
"E00034396",307,156,151
"E00034397",322,158,164
"E00034398",289,157,132
"E00034399",337,168,169
"E00034400",272,130,142
"E00034401",389,198,191
"E00034402",285,151,134
"E00034403",306,159,147
"E00034404",300,152,148
"E00034405",349,187,162
"E00034406",350,176,174
"E00034409",388,176,212
"E00034410",320,164,156
"E00034412",341,204,137
"E00034413",267,134,133
"E00034414",285,147,138
"E00034415",339,203,136
"E00034416",365,194,171
"E00034417",291,118,173
"E00034418",441,198,243
"E00034419",246,118,128
"E00034420",240,125,115
"E00034421",298,158,140
"E00034422",301,145,156
"E00034424",249,123,126
"E00034425",310,152,158
"E00034426",418,215,203
"E00034427",235,116,119
"E00034428",345,161,184
"E00034429",272,122,150
"E00034430",290,136,154
"E00034431",247,129,118
"E00034432",387,192,195
"E00034433",287,139,148
"E00034434",392,192,200
"E00034435",325,157,168
"E00034436",303,161,142
"E00034437",361,159,202
"E00034438",254,120,134
"E00034439",279,148,131
"E00034440",297,156,141
"E00034441",312,138,174
"E00034442",286,146,140
"E00034443",281,144,137
"E00034444",279,138,141
"E00034445",288,126,162
"E00034446",432,197,235
"E00034447",357,179,178
"E00034448",261,131,130
"E00034449",171,85,86
"E00034451",287,138,149
"E00034453",255,122,133
"E00034454",276,145,131
"E00034455",243,119,124
"E00034456",252,119,133
"E00034457",238,122,116
"E00034458",213,100,113
"E00034459",299,150,149
"E00034460",205,98,107
"E00034461",165,93,72
"E00034462",243,110,133
"E00034463",240,117,123
"E00034464",257,124,133
"E00034465",269,134,135
"E00034466",288,141,147
"E00034467",299,150,149
"E00034468",291,133,158
"E00034469",287,143,144
"E00034470",333,167,166
"E00034471",293,147,146
"E00034472",320,150,170
"E00034473",320,157,163
"E00034474",346,159,187
"E00034475",259,126,133
"E00034476",261,123,138
"E00034477",336,154,182
"E00034478",336,159,177
"E00034479",323,162,161
"E00034480",208,106,102
"E00034481",241,135,106
"E00034482",180,78,102
"E00034483",288,142,146
"E00034484",279,132,147
"E00034485",298,138,160
"E00165671",381,182,199
"E00165713",137,64,73
"E00165714",146,75,71
"E00165715",394,190,204
"E00165716",310,161,149
"E00165717",148,71,77
"E00165718",398,195,203
"E00165719",253,131,122
"E00165720",312,152,160
"E00165721",145,76,69
"E00165722",332,165,167
"E00165723",227,119,108
"E00165724",361,170,191
"E00165725",180,83,97
"E00165726",460,198,262
"E00165727",174,79,95
"E00165729",303,157,146
"E00165730",480,231,249
"E00165731",260,133,127
"E00165758",167,84,83
"E00165759",247,125,122
"E00165760",189,87,102
"E00165762",364,179,185
"E00165763",242,112,130
"E00176596",235,116,119
"E00176597",301,138,163
"E00176598",247,114,133
"E00176599",208,89,119
"E00176600",211,98,113
"E00176601",413,196,217
"E00176602",123,79,44
"E00176603",179,91,88
"E00176604",151,94,57
"E00176605",200,108,92
"E00176606",183,107,76
"E00176607",183,94,89
"E00176608",208,124,84
"E00176609",376,157,219
"E00176610",307,156,151
"E00176611",196,101,95
"E00176612",332,176,156
"E00176613",242,92,150
"E00176614",554,272,282
"E00176615",291,146,145
"E00176616",230,114,116
"E00176617",862,463,399
"E00176618",190,94,96
"E00176619",244,148,96
"E00176620",262,146,116
"E00176621",143,76,67
"E00176622",173,120,53
"E00176623",110,67,43
"E00176624",967,514,453
"E00176625",165,110,55
"E00176626",228,157,71
"E00176627",198,117,81
"E00176628",203,109,94
"E00176629",213,145,68
"E00176630",306,154,152
"E00176631",211,107,104
"E00176632",253,130,123
"E00176633",165,89,76
"E00176634",432,244,188
"E00176635",253,148,105
"E00176636",195,115,80
"E00176637",124,72,52
"E00176638",207,127,80
"E00176639",587,265,322
"E00176640",402,205,197
"E00176641",119,60,59
"E00176642",283,183,100
"E00176643",196,121,75
"E00176644",194,123,71
"E00176645",176,113,63
"E00176646",177,99,78
"E00176647",208,129,79
"E00176648",471,253,218
"E00176649",200,90,110
"E00176650",200,108,92
"E00176651",252,114,138
"E00176652",215,134,81
"E00176653",429,278,151
"E00176654",195,123,72
"E00176655",489,270,219
"E00176656",198,116,82
"E00176657",197,125,72
"E00176658",249,151,98
"E00176659",335,187,148
"E00176660",169,101,68
"E00176661",210,142,68
"E00176662",331,169,162
"E00176663",293,143,150
"E00176664",216,113,103
"E00176665",444,208,236
"E00176666",969,465,504
"E00176667",751,347,404
"E00176668",479,230,249
"E00176669",218,101,117
"E00176670",284,148,136
"E00176671",327,153,174
"E00176672",150,73,77
"E00176673",194,108,86
"E00176674",195,122,73
"E00176675",362,230,132
"E00176676",189,119,70
"E00176677",310,145,165
"E00176678",308,154,154
"E00176679",227,146,81
"E00176680",250,163,87
"E00176681",190,119,71
"E00176682",177,117,60
"E00176683",180,100,80
"E00176684",231,129,102
"E00176685",315,166,149
"E00176686",187,104,83
"E00176687",1305,664,641
"E00176688",1368,596,772
"E00176689",886,424,462
"E00176690",432,198,234
"E00176691",216,94,122
"E00176692",240,133,107
"E00176693",161,88,73
"E00176694",175,95,80
"E00176695",230,156,74
"E00176696",458,205,253
"E00176697",308,171,137
"E00176698",611,247,364
"E00176699",221,104,117
"E00176700",189,112,77
"E00176701",246,163,83
"E00176702",259,121,138
"E00176703",262,134,128
"E00176704",214,110,104
"E00176705",117,68,49
"E00176706",330,165,165
"E00176707",269,158,111
"E00176708",201,93,108
"E00176709",332,171,161
"E00176710",245,140,105
"E00176711",745,333,412
"E00176712",247,101,146
"E00176713",367,152,215
"E00176714",163,78,85
"E00176715",115,51,64
"E00176716",176,103,73
"E00176717",151,94,57
"E00176718",266,125,141
"E00176719",202,101,101
"E00176720",266,130,136
"E00176721",238,129,109
"E00176722",307,158,149
"E00176723",272,132,140
"E00176724",143,69,74
"E00176725",178,101,77
"E00176726",373,184,189
"E00176727",332,151,181
"E00176728",861,787,74
"E00176729",272,122,150
"E00176730",154,81,73
"E00176731",139,80,59
"E00176732",361,192,169
"E00176733",202,130,72
"E00176734",109,47,62
"E00176735",198,122,76
"E00176736",215,124,91
"E00176737",185,122,63
"E00176738",111,55,56
"E00176739",213,118,95
"E00176740",542,293,249
"E00176741",225,92,133
"E00176742",205,106,99
"E00176743",230,109,121
"E00176744",483,223,260
"E00176745",265,116,149
"E00176746",563,308,255
"E00176747",138,63,75
"E00176748",192,121,71
"E00176749",248,163,85
"E00176750",243,111,132
"E00176751",226,112,114
"E00176752",280,143,137
"E00176753",231,97,134
"E00176754",244,132,112
"E00176755",280,123,157
"E00176756",206,134,72
"E00176757",200,120,80
"E00176758",705,321,384
"E00176759",248,113,135
"E00176760",177,85,92
"E00176761",230,112,118
"E00176762",217,90,127
"E00176763",111,48,63
"E00176764",257,115,142
"E00176765",230,117,113
"E00176766",173,110,63
"E00176767",211,95,116
"E00176768",504,208,296
"E00176769",162,99,63
"E00176770",952,878,74
"E00176771",621,188,433
"E00176772",256,131,125
"E00176773",169,95,74
"E00176774",102,53,49
