"GeographyCode","QS604EW0001","QS604EW0002","QS604EW0003","QS604EW0004","QS604EW0005","QS604EW0006","QS604EW0007"
"E00032987",99,33,12,21,66,60,6
"E00032988",158,54,23,31,104,85,19
"E00032989",154,57,23,34,97,77,20
"E00032990",160,47,25,22,113,90,23
"E00032991",167,51,26,25,116,100,16
"E00032992",92,35,11,24,57,51,6
"E00032993",149,45,15,30,104,86,18
"E00032994",30,10,4,6,20,17,3
"E00032995",76,25,6,19,51,47,4
"E00032996",111,36,6,30,75,71,4
"E00032997",90,32,5,27,58,47,11
"E00032998",157,48,16,32,109,81,28
"E00032999",191,71,31,40,120,100,20
"E00033000",39,12,6,6,27,24,3
"E00033002",97,29,7,22,68,63,5
"E00033004",185,29,11,18,156,121,35
"E00033005",116,47,8,39,69,64,5
"E00033006",105,36,8,28,69,61,8
"E00033007",78,36,6,30,42,36,6
"E00033008",77,39,8,31,38,34,4
"E00033012",92,19,6,13,73,50,23
"E00033013",87,23,5,18,64,56,8
"E00033015",69,16,10,6,53,36,17
"E00033016",128,47,10,37,81,64,17
"E00033018",124,81,58,23,43,38,5
"E00033019",137,55,23,32,82,67,15
"E00033020",128,57,37,20,71,65,6
"E00033021",110,34,7,27,76,70,6
"E00033023",178,112,60,52,66,53,13
"E00033024",55,14,5,9,41,27,14
"E00033025",163,41,16,25,122,99,23
"E00033026",106,29,5,24,77,64,13
"E00033027",207,50,24,26,157,128,29
"E00033029",141,29,5,24,112,95,17
"E00033030",124,46,23,23,78,57,21
"E00033031",174,40,16,24,134,113,21
"E00033032",227,39,9,30,188,148,40
"E00033033",198,30,9,21,168,136,32
"E00033034",235,32,13,19,203,164,39
"E00033035",178,44,15,29,134,108,26
"E00033036",125,19,4,15,106,81,25
"E00033037",130,29,10,19,101,74,27
"E00033038",103,14,3,11,89,70,19
"E00033040",124,27,3,24,97,83,14
"E00033041",134,44,16,28,90,76,14
"E00033042",125,36,15,21,89,70,19
"E00033043",149,34,12,22,115,94,21
"E00033044",117,31,12,19,86,78,8
"E00033045",64,27,5,22,37,32,5
"E00033046",48,12,7,5,36,29,7
"E00033047",144,45,10,35,99,89,10
"E00033048",119,51,15,36,68,60,8
"E00033049",218,49,12,37,169,140,29
"E00033050",128,29,6,23,99,84,15
"E00033051",199,40,11,29,159,128,31
"E00033052",206,59,28,31,147,120,27
"E00033053",162,41,17,24,121,104,17
"E00033054",66,22,7,15,44,36,8
"E00033055",133,30,12,18,103,80,23
"E00033056",166,39,12,27,127,113,14
"E00033057",155,40,16,24,115,104,11
"E00033059",122,40,10,30,82,68,14
"E00033060",76,19,3,16,57,46,11
"E00033061",110,39,14,25,71,62,9
"E00033062",116,39,12,27,77,68,9
"E00033063",132,30,8,22,102,86,16
"E00033064",130,39,18,21,91,75,16
"E00033065",155,35,6,29,120,93,27
"E00033066",163,24,8,16,139,113,26
"E00033067",176,32,6,26,144,114,30
"E00033068",233,38,13,25,195,147,48
"E00033069",164,26,11,15,138,112,26
"E00033070",131,28,13,15,103,86,17
"E00033071",173,25,6,19,148,124,24
"E00033072",173,17,9,8,156,123,33
"E00033073",162,25,6,19,137,122,15
"E00033074",126,29,10,19,97,78,19
"E00033075",88,20,6,14,68,61,7
"E00033076",141,30,8,22,111,82,29
"E00033077",161,39,13,26,122,93,29
"E00033078",130,30,9,21,100,83,17
"E00033079",121,40,13,27,81,72,9
"E00033080",50,9,6,3,41,35,6
"E00033081",127,24,5,19,103,81,22
"E00033082",149,43,21,22,106,81,25
"E00033083",182,49,15,34,133,95,38
"E00033084",120,30,7,23,90,71,19
"E00033085",141,47,7,40,94,78,16
"E00033086",100,31,5,26,69,64,5
"E00033087",190,58,21,37,132,109,23
"E00033088",107,33,8,25,74,66,8
"E00033089",131,44,11,33,87,81,6
"E00033090",178,61,13,48,117,106,11
"E00033091",167,42,15,27,125,107,18
"E00033092",152,55,24,31,97,86,11
"E00033093",193,54,14,40,139,124,15
"E00033094",142,45,12,33,97,87,10
"E00033095",234,78,31,47,156,125,31
"E00033096",109,31,11,20,78,57,21
"E00033097",109,39,16,23,70,66,4
"E00033098",116,29,5,24,87,69,18
"E00033099",47,15,2,13,32,28,4
"E00033100",121,48,14,34,73,63,10
"E00033101",95,32,10,22,63,53,10
"E00033102",222,65,18,47,157,137,20
"E00033103",103,33,11,22,70,62,8
"E00033104",101,37,7,30,64,60,4
"E00033105",134,32,7,25,102,82,20
"E00033106",119,39,8,31,80,76,4
"E00033107",202,64,22,42,138,115,23
"E00033108",152,36,8,28,116,111,5
"E00033109",146,40,10,30,106,87,19
"E00033110",155,39,9,30,116,104,12
"E00033112",163,56,18,38,107,83,24
"E00033113",128,42,20,22,86,61,25
"E00033114",145,41,22,19,104,77,27
"E00033115",62,16,8,8,46,36,10
"E00033116",40,12,6,6,28,25,3
"E00033117",162,54,23,31,108,77,31
"E00033118",164,56,14,42,108,93,15
"E00033119",127,30,8,22,97,72,25
"E00033120",154,45,19,26,109,85,24
"E00033121",69,13,5,8,56,48,8
"E00033122",115,28,6,22,87,77,10
"E00033123",99,27,10,17,72,63,9
"E00033124",163,39,11,28,124,95,29
"E00033125",79,28,4,24,51,44,7
"E00033126",116,35,14,21,81,68,13
"E00033127",217,61,23,38,156,119,37
"E00033128",117,39,7,32,78,69,9
"E00033129",104,33,15,18,71,68,3
"E00033130",185,67,22,45,118,99,19
"E00033131",99,33,9,24,66,59,7
"E00033132",221,70,17,53,151,131,20
"E00033133",98,45,17,28,53,48,5
"E00033134",62,15,3,12,47,41,6
"E00033135",177,57,10,47,120,113,7
"E00033136",76,33,8,25,43,38,5
"E00033137",79,25,5,20,54,40,14
"E00033138",47,17,3,14,30,25,5
"E00033139",95,23,6,17,72,65,7
"E00033140",99,22,6,16,77,68,9
"E00033141",94,30,7,23,64,59,5
"E00033142",126,44,11,33,82,74,8
"E00033143",99,31,10,21,68,60,8
"E00033144",83,28,9,19,55,51,4
"E00033145",137,51,9,42,86,77,9
"E00033146",125,43,16,27,82,74,8
"E00033147",162,48,16,32,114,104,10
"E00033148",120,33,8,25,87,81,6
"E00033149",81,28,3,25,53,49,4
"E00033150",110,33,10,23,77,69,8
"E00033151",67,23,2,21,44,42,2
"E00033152",114,37,12,25,77,63,14
"E00033153",154,57,11,46,97,87,10
"E00033154",48,17,5,12,31,30,1
"E00033155",91,34,10,24,57,55,2
"E00033156",91,24,8,16,67,61,6
"E00033157",116,44,17,27,72,67,5
"E00033158",113,49,15,34,64,59,5
"E00033159",49,24,4,20,25,21,4
"E00033160",109,34,5,29,75,66,9
"E00033161",112,36,7,29,76,69,7
"E00033162",88,37,6,31,51,44,7
"E00033163",112,32,10,22,80,69,11
"E00033164",185,57,20,37,128,117,11
"E00033165",44,19,7,12,25,21,4
"E00033166",49,17,2,15,32,29,3
"E00033167",150,46,9,37,104,97,7
"E00033168",132,40,8,32,92,85,7
"E00033169",155,47,18,29,108,94,14
"E00033170",194,53,12,41,141,127,14
"E00033171",184,63,18,45,121,112,9
"E00033172",59,22,8,14,37,33,4
"E00033173",155,43,11,32,112,102,10
"E00033174",99,45,9,36,54,47,7
"E00033175",106,45,9,36,61,56,5
"E00033176",92,37,17,20,55,49,6
"E00033177",131,41,7,34,90,83,7
"E00033178",73,22,9,13,51,47,4
"E00033179",113,39,9,30,74,70,4
"E00033181",182,78,41,37,104,88,16
"E00033182",165,59,26,33,106,88,18
"E00033183",238,119,62,57,119,106,13
"E00033185",144,65,37,28,79,69,10
"E00033186",159,75,44,31,84,77,7
"E00033187",141,27,8,19,114,87,27
"E00033188",169,65,30,35,104,89,15
"E00033189",147,53,15,38,94,79,15
"E00033190",166,67,21,46,99,78,21
"E00033191",157,92,46,46,65,57,8
"E00033192",123,64,45,19,59,55,4
"E00033193",161,63,30,33,98,75,23
"E00033194",146,59,26,33,87,78,9
"E00033195",130,32,8,24,98,87,11
"E00033196",121,22,8,14,99,79,20
"E00033197",128,24,8,16,104,89,15
"E00033198",179,85,51,34,94,78,16
"E00033199",59,19,4,15,40,35,5
"E00033200",94,43,25,18,51,43,8
"E00033201",124,40,23,17,84,72,12
"E00033202",139,55,30,25,84,67,17
"E00033203",122,31,11,20,91,81,10
"E00033204",143,43,17,26,100,87,13
"E00033206",151,75,52,23,76,46,30
"E00033207",89,41,15,26,48,40,8
"E00033208",84,30,14,16,54,45,9
"E00033209",74,34,6,28,40,33,7
"E00033210",91,49,13,36,42,39,3
"E00033211",111,39,14,25,72,59,13
"E00033212",85,36,7,29,49,42,7
"E00033213",150,64,34,30,86,77,9
"E00033214",160,65,17,48,95,79,16
"E00033215",113,36,11,25,77,62,15
"E00033216",122,29,9,20,93,80,13
"E00033217",155,47,20,27,108,89,19
"E00033218",157,47,17,30,110,84,26
"E00033219",175,55,23,32,120,91,29
"E00033220",143,61,33,28,82,71,11
"E00033221",106,27,11,16,79,68,11
"E00033222",34,8,1,7,26,20,6
"E00033223",132,45,21,24,87,72,15
"E00033224",68,22,6,16,46,42,4
"E00033225",79,20,3,17,59,56,3
"E00033226",110,55,16,39,55,51,4
"E00033227",84,38,3,35,46,43,3
"E00033228",90,26,6,20,64,59,5
"E00033229",120,40,11,29,80,71,9
"E00033230",129,55,19,36,74,68,6
"E00033231",64,20,4,16,44,36,8
"E00033235",65,22,4,18,43,41,2
"E00033237",56,27,7,20,29,24,5
"E00033238",160,67,18,49,93,85,8
"E00033242",80,35,5,30,45,44,1
"E00033245",93,40,11,29,53,47,6
"E00033246",105,31,7,24,74,65,9
"E00033247",128,51,14,37,77,66,11
"E00033248",64,17,3,14,47,39,8
"E00033249",78,21,6,15,57,49,8
"E00033250",47,18,5,13,29,22,7
"E00033251",47,20,7,13,27,25,2
"E00033252",67,26,10,16,41,36,5
"E00033253",62,20,2,18,42,39,3
"E00033254",133,48,11,37,85,74,11
"E00033255",97,35,6,29,62,61,1
"E00033256",79,29,5,24,50,44,6
"E00033257",125,38,7,31,87,78,9
"E00033258",60,25,4,21,35,34,1
"E00033259",52,17,3,14,35,34,1
"E00033260",100,40,7,33,60,50,10
"E00033261",89,33,8,25,56,53,3
"E00033262",48,13,5,8,35,33,2
"E00033263",54,15,3,12,39,38,1
"E00033264",72,32,6,26,40,34,6
"E00033265",108,48,15,33,60,53,7
"E00033266",139,41,9,32,98,79,19
"E00033267",80,22,5,17,58,56,2
"E00033268",144,47,16,31,97,90,7
"E00033269",69,23,12,11,46,38,8
"E00033270",162,45,7,38,117,100,17
"E00033271",212,65,21,44,147,122,25
"E00033272",148,42,13,29,106,93,13
"E00033274",101,33,6,27,68,60,8
"E00033275",118,35,8,27,83,71,12
"E00033276",101,26,7,19,75,67,8
"E00033277",73,34,4,30,39,35,4
"E00033278",98,28,6,22,70,60,10
"E00033279",112,36,8,28,76,71,5
"E00033281",147,40,10,30,107,93,14
"E00033282",120,29,9,20,91,80,11
"E00033283",117,39,8,31,78,74,4
"E00033284",70,24,8,16,46,37,9
"E00033285",132,41,10,31,91,84,7
"E00033286",52,15,4,11,37,30,7
"E00033287",153,44,7,37,109,96,13
"E00033288",167,49,15,34,118,108,10
"E00033289",137,35,8,27,102,92,10
"E00033290",128,35,10,25,93,83,10
"E00033291",249,73,6,67,176,160,16
"E00033292",105,23,2,21,82,72,10
"E00033293",114,27,6,21,87,77,10
"E00033294",106,29,4,25,77,65,12
"E00033295",140,44,19,25,96,79,17
"E00033296",133,34,10,24,99,84,15
"E00033297",115,28,5,23,87,80,7
"E00033298",109,29,10,19,80,76,4
"E00033299",114,35,10,25,79,68,11
"E00033300",88,25,8,17,63,58,5
"E00033301",114,47,12,35,67,56,11
"E00033302",73,30,6,24,43,39,4
"E00033304",104,30,7,23,74,67,7
"E00033305",116,40,7,33,76,66,10
"E00033306",103,34,9,25,69,63,6
"E00033307",107,39,10,29,68,58,10
"E00033308",116,38,9,29,78,72,6
"E00033309",104,48,14,34,56,51,5
"E00033310",104,38,10,28,66,59,7
"E00033312",95,25,6,19,70,62,8
"E00033313",125,51,16,35,74,62,12
"E00033314",149,53,13,40,96,87,9
"E00033315",135,55,17,38,80,73,7
"E00033316",164,44,10,34,120,97,23
"E00033317",201,45,12,33,156,134,22
"E00033318",142,41,13,28,101,93,8
"E00033319",216,67,21,46,149,128,21
"E00033320",147,36,12,24,111,100,11
"E00033322",158,46,17,29,112,87,25
"E00033323",147,46,16,30,101,86,15
"E00033324",164,45,14,31,119,94,25
"E00033326",138,36,11,25,102,81,21
"E00033327",147,43,12,31,104,93,11
"E00033328",86,25,5,20,61,50,11
"E00033329",159,43,12,31,116,102,14
"E00033330",154,47,13,34,107,92,15
"E00033331",135,43,7,36,92,79,13
"E00033332",170,54,16,38,116,96,20
"E00033333",157,59,23,36,98,83,15
"E00033334",149,46,15,31,103,89,14
"E00033335",131,42,11,31,89,73,16
"E00033336",158,37,8,29,121,108,13
"E00033337",97,25,9,16,72,58,14
"E00033338",132,38,12,26,94,71,23
"E00033339",162,55,18,37,107,84,23
"E00033340",166,52,18,34,114,96,18
"E00033341",156,43,10,33,113,101,12
"E00033342",158,56,21,35,102,86,16
"E00033343",155,53,17,36,102,87,15
"E00033344",161,42,10,32,119,106,13
"E00033345",198,70,26,44,128,111,17
"E00033346",136,49,23,26,87,71,16
"E00033347",162,47,10,37,115,105,10
"E00033348",135,56,20,36,79,59,20
"E00033349",118,27,6,21,91,82,9
"E00033350",148,49,17,32,99,92,7
"E00033351",106,34,9,25,72,64,8
"E00033352",129,36,12,24,93,87,6
"E00033353",130,44,9,35,86,74,12
"E00033354",73,24,7,17,49,47,2
"E00033355",154,41,6,35,113,94,19
"E00033356",158,49,12,37,109,96,13
"E00033357",105,37,11,26,68,61,7
"E00033358",84,26,4,22,58,54,4
"E00033359",155,50,18,32,105,94,11
"E00033360",151,48,14,34,103,87,16
"E00033361",236,67,14,53,169,155,14
"E00033362",148,36,13,23,112,103,9
"E00033363",115,27,7,20,88,70,18
"E00033364",185,52,12,40,133,109,24
"E00033365",246,79,26,53,167,135,32
"E00033366",165,47,13,34,118,104,14
"E00033367",172,48,12,36,124,104,20
"E00033368",143,36,11,25,107,98,9
"E00033369",205,47,15,32,158,131,27
"E00033370",124,28,4,24,96,87,9
"E00033371",160,46,15,31,114,94,20
"E00033372",149,42,11,31,107,96,11
"E00033373",237,70,24,46,167,143,24
"E00033374",148,42,8,34,106,91,15
"E00033375",149,35,17,18,114,75,39
"E00033376",125,38,14,24,87,67,20
"E00033377",169,44,12,32,125,104,21
"E00033378",172,48,11,37,124,107,17
"E00033379",145,35,5,30,110,99,11
"E00033380",139,42,15,27,97,87,10
"E00033381",72,20,5,15,52,40,12
"E00033382",183,60,18,42,123,108,15
"E00033383",136,28,12,16,108,91,17
"E00033384",166,47,10,37,119,114,5
"E00033385",187,40,13,27,147,125,22
"E00033386",201,50,16,34,151,128,23
"E00033387",118,27,11,16,91,76,15
"E00033388",100,21,6,15,79,62,17
"E00033389",161,44,10,34,117,106,11
"E00033391",150,51,9,42,99,83,16
"E00033392",154,52,17,35,102,82,20
"E00033394",164,49,12,37,115,100,15
"E00033395",181,39,7,32,142,118,24
"E00033396",136,48,22,26,88,78,10
"E00033397",183,66,19,47,117,106,11
"E00033399",174,57,12,45,117,105,12
"E00033400",152,49,16,33,103,92,11
"E00033401",144,38,6,32,106,90,16
"E00033402",178,58,15,43,120,106,14
"E00033403",168,47,14,33,121,105,16
"E00033404",181,35,15,20,146,119,27
"E00033405",151,35,7,28,116,95,21
"E00033406",162,49,15,34,113,91,22
"E00033407",186,40,23,17,146,131,15
"E00033408",170,65,34,31,105,93,12
"E00033409",105,30,17,13,75,60,15
"E00033410",163,41,12,29,122,106,16
"E00033411",169,61,24,37,108,86,22
"E00033412",198,68,22,46,130,117,13
"E00033413",122,41,16,25,81,67,14
"E00033414",184,55,14,41,129,107,22
"E00033415",140,34,14,20,106,81,25
"E00033416",209,48,21,27,161,134,27
"E00033417",195,63,22,41,132,115,17
"E00033418",212,69,28,41,143,103,40
"E00033419",158,49,13,36,109,75,34
"E00033420",204,60,25,35,144,118,26
"E00033421",150,48,21,27,102,87,15
"E00033422",228,64,23,41,164,142,22
"E00033423",191,47,20,27,144,119,25
"E00033424",186,52,25,27,134,105,29
"E00033425",156,29,10,19,127,109,18
"E00033426",169,40,13,27,129,106,23
"E00033427",104,28,5,23,76,66,10
"E00033428",132,39,12,27,93,80,13
"E00033432",108,36,12,24,72,68,4
"E00033435",131,45,9,36,86,76,10
"E00033436",107,36,12,24,71,66,5
"E00033437",103,37,12,25,66,62,4
"E00033438",133,46,8,38,87,78,9
"E00033439",147,46,14,32,101,86,15
"E00033440",80,27,4,23,53,47,6
"E00033441",87,30,7,23,57,51,6
"E00033442",128,43,8,35,85,79,6
"E00033443",62,24,10,14,38,32,6
"E00033444",85,27,5,22,58,48,10
"E00033445",119,41,12,29,78,69,9
"E00033446",117,42,8,34,75,71,4
"E00033447",42,19,6,13,23,21,2
"E00033448",127,38,9,29,89,84,5
"E00033449",117,28,5,23,89,79,10
"E00033450",148,42,10,32,106,102,4
"E00033451",88,29,6,23,59,54,5
"E00033452",98,28,9,19,70,63,7
"E00033453",77,18,3,15,59,54,5
"E00033454",231,77,12,65,154,132,22
"E00033455",76,27,4,23,49,45,4
"E00033456",150,49,12,37,101,91,10
"E00033457",59,22,6,16,37,33,4
"E00033458",63,23,6,17,40,34,6
"E00033459",87,21,4,17,66,59,7
"E00033460",92,29,6,23,63,57,6
"E00033462",52,18,2,16,34,31,3
"E00033463",75,23,4,19,52,48,4
"E00033464",105,31,7,24,74,70,4
"E00033466",101,37,10,27,64,57,7
"E00033468",126,49,12,37,77,73,4
"E00033470",123,46,11,35,77,67,10
"E00033471",115,52,10,42,63,54,9
"E00033472",80,26,3,23,54,48,6
"E00033473",103,40,15,25,63,55,8
"E00033474",82,27,7,20,55,50,5
"E00033475",99,31,5,26,68,64,4
"E00033476",101,34,7,27,67,58,9
"E00033477",76,26,11,15,50,42,8
"E00033478",112,36,6,30,76,61,15
"E00033479",176,54,16,38,122,105,17
"E00033480",145,39,13,26,106,87,19
"E00033481",145,60,14,46,85,74,11
"E00033482",113,38,14,24,75,67,8
"E00033483",142,44,13,31,98,89,9
"E00033484",134,41,15,26,93,84,9
"E00033485",118,38,11,27,80,66,14
"E00033486",163,54,9,45,109,101,8
"E00033487",71,19,3,16,52,47,5
"E00033488",74,23,6,17,51,45,6
"E00033489",118,50,13,37,68,64,4
"E00033490",94,32,10,22,62,50,12
"E00033491",105,32,9,23,73,68,5
"E00033492",108,38,8,30,70,63,7
"E00033493",144,37,8,29,107,97,10
"E00033494",106,36,8,28,70,64,6
"E00033495",147,55,13,42,92,84,8
"E00033496",102,31,4,27,71,66,5
"E00033497",99,37,9,28,62,58,4
"E00033498",25,11,5,6,14,11,3
"E00033501",35,10,2,8,25,24,1
"E00033502",133,46,12,34,87,83,4
"E00033503",128,47,9,38,81,66,15
"E00033504",112,36,9,27,76,72,4
"E00033505",104,29,9,20,75,66,9
"E00033506",107,32,9,23,75,70,5
"E00033507",90,29,11,18,61,48,13
"E00033508",73,25,3,22,48,44,4
"E00033509",110,34,9,25,76,69,7
"E00033510",118,29,6,23,89,80,9
"E00033511",77,19,3,16,58,50,8
"E00033512",71,28,5,23,43,37,6
"E00033513",112,34,4,30,78,71,7
"E00033514",98,38,14,24,60,54,6
"E00033515",138,43,18,25,95,88,7
"E00033516",126,40,9,31,86,80,6
"E00033517",128,43,12,31,85,79,6
"E00033518",102,29,10,19,73,66,7
"E00033519",105,37,6,31,68,59,9
"E00033520",93,30,5,25,63,53,10
"E00033521",93,23,5,18,70,68,2
"E00033522",94,32,6,26,62,56,6
"E00033523",144,41,11,30,103,98,5
"E00033524",206,57,11,46,149,130,19
"E00033525",145,35,9,26,110,99,11
"E00033526",150,35,6,29,115,107,8
"E00033527",166,64,12,52,102,91,11
"E00033528",120,25,5,20,95,82,13
"E00033530",244,64,16,48,180,141,39
"E00033531",188,61,15,46,127,113,14
"E00033532",210,58,16,42,152,138,14
"E00033533",122,31,9,22,91,79,12
"E00033534",91,17,5,12,74,65,9
"E00033535",168,41,7,34,127,107,20
"E00033536",145,44,17,27,101,91,10
"E00033537",123,42,10,32,81,71,10
"E00033538",164,43,10,33,121,103,18
"E00033539",183,50,14,36,133,118,15
"E00033540",176,42,16,26,134,114,20
"E00033541",162,47,15,32,115,105,10
"E00033542",122,37,13,24,85,74,11
"E00033543",108,28,10,18,80,68,12
"E00033544",114,35,14,21,79,76,3
"E00033545",97,28,8,20,69,60,9
"E00033546",139,36,8,28,103,96,7
"E00033547",143,35,5,30,108,90,18
"E00033548",116,37,12,25,79,70,9
"E00033549",132,52,15,37,80,67,13
"E00033550",146,32,10,22,114,94,20
"E00033551",76,23,3,20,53,45,8
"E00033552",163,62,21,41,101,84,17
"E00033553",159,63,20,43,96,84,12
"E00033554",166,47,14,33,119,109,10
"E00033555",119,33,10,23,86,70,16
"E00033556",142,37,6,31,105,84,21
"E00033557",164,47,21,26,117,98,19
"E00033558",159,42,13,29,117,104,13
"E00033559",144,49,13,36,95,84,11
"E00033560",158,45,15,30,113,87,26
"E00033561",147,54,25,29,93,67,26
"E00033562",164,51,13,38,113,97,16
"E00033563",183,65,23,42,118,99,19
"E00033564",145,52,18,34,93,74,19
"E00033565",147,45,12,33,102,90,12
"E00033566",134,35,16,19,99,86,13
"E00033567",157,50,13,37,107,88,19
"E00033568",117,45,13,32,72,69,3
"E00033569",126,42,16,26,84,76,8
"E00033570",188,54,12,42,134,117,17
"E00033571",100,31,4,27,69,63,6
"E00033572",148,42,16,26,106,96,10
"E00033573",73,25,8,17,48,44,4
"E00033574",156,52,10,42,104,96,8
"E00033575",120,35,16,19,85,79,6
"E00033576",85,24,2,22,61,54,7
"E00033577",141,37,7,30,104,97,7
"E00033579",95,42,9,33,53,46,7
"E00033580",74,16,5,11,58,53,5
"E00033581",194,61,16,45,133,115,18
"E00033582",127,31,10,21,96,84,12
"E00033583",135,38,11,27,97,79,18
"E00033584",206,103,54,49,103,74,29
"E00033585",156,39,10,29,117,104,13
"E00033586",142,34,6,28,108,86,22
"E00033587",117,32,10,22,85,71,14
"E00033589",135,59,17,42,76,65,11
"E00033590",70,20,3,17,50,43,7
"E00033591",66,24,5,19,42,38,4
"E00033592",85,35,7,28,50,44,6
"E00033593",63,19,5,14,44,36,8
"E00033594",99,42,7,35,57,53,4
"E00033595",80,31,8,23,49,45,4
"E00033596",102,27,6,21,75,65,10
"E00033597",90,33,7,26,57,49,8
"E00033598",73,21,6,15,52,45,7
"E00033599",82,28,6,22,54,48,6
"E00033600",66,22,4,18,44,41,3
"E00033601",119,45,7,38,74,62,12
"E00033602",170,38,9,29,132,117,15
"E00033603",94,33,11,22,61,53,8
"E00033604",87,32,10,22,55,52,3
"E00033605",150,47,16,31,103,94,9
"E00033606",153,44,14,30,109,92,17
"E00033607",83,32,7,25,51,45,6
"E00033608",130,40,9,31,90,87,3
"E00033611",182,54,20,34,128,107,21
"E00033613",118,36,14,22,82,72,10
"E00033614",206,49,14,35,157,127,30
"E00033616",184,62,20,42,122,96,26
"E00033618",201,43,10,33,158,142,16
"E00033620",161,45,20,25,116,105,11
"E00033621",92,30,6,24,62,57,5
"E00033623",138,39,11,28,99,81,18
"E00033624",87,36,3,33,51,45,6
"E00033625",176,50,16,34,126,113,13
"E00033626",261,65,17,48,196,182,14
"E00033627",188,39,10,29,149,136,13
"E00033628",93,30,8,22,63,60,3
"E00033629",207,61,17,44,146,125,21
"E00033630",107,26,4,22,81,73,8
"E00033631",72,20,3,17,52,46,6
"E00033632",86,40,6,34,46,41,5
"E00033633",114,21,3,18,93,85,8
"E00033634",99,36,9,27,63,53,10
"E00033635",142,44,15,29,98,88,10
"E00033636",132,47,13,34,85,77,8
"E00033637",235,85,20,65,150,128,22
"E00033639",111,45,8,37,66,55,11
"E00033640",91,34,11,23,57,54,3
"E00033641",125,40,10,30,85,72,13
"E00033642",176,53,17,36,123,110,13
"E00033643",98,21,3,18,77,69,8
"E00033644",49,28,7,21,21,16,5
"E00033645",92,30,4,26,62,53,9
"E00033646",33,11,2,9,22,21,1
"E00033647",122,35,4,31,87,78,9
"E00033648",94,27,5,22,67,62,5
"E00033649",178,55,14,41,123,107,16
"E00033650",110,46,8,38,64,57,7
"E00033651",49,20,5,15,29,27,2
"E00033652",96,36,10,26,60,53,7
"E00033653",150,41,4,37,109,102,7
"E00033654",65,27,9,18,38,34,4
"E00033655",147,45,7,38,102,86,16
"E00033656",64,22,4,18,42,39,3
"E00033657",77,27,8,19,50,40,10
"E00033658",114,42,8,34,72,65,7
"E00033659",167,52,9,43,115,94,21
"E00033660",98,37,4,33,61,55,6
"E00033662",117,37,1,36,80,69,11
"E00033663",68,17,3,14,51,44,7
"E00033664",71,27,5,22,44,38,6
"E00033665",197,66,12,54,131,118,13
"E00033666",48,23,10,13,25,24,1
"E00033667",111,47,5,42,64,55,9
"E00033668",132,40,3,37,92,82,10
"E00033669",88,40,11,29,48,41,7
"E00033670",207,18,9,9,189,164,25
"E00033672",119,49,12,37,70,59,11
"E00033673",72,33,5,28,39,31,8
"E00033677",61,28,7,21,33,30,3
"E00033678",107,27,16,11,80,65,15
"E00033684",119,37,4,33,82,71,11
"E00033685",82,30,6,24,52,51,1
"E00033686",64,29,4,25,35,28,7
"E00033687",135,52,12,40,83,76,7
"E00033688",53,22,5,17,31,27,4
"E00033689",92,39,10,29,53,51,2
"E00033690",155,41,8,33,114,104,10
"E00033691",104,24,7,17,80,72,8
"E00033692",224,29,12,17,195,144,51
"E00033694",46,20,6,14,26,23,3
"E00033695",111,47,8,39,64,59,5
"E00033696",169,58,8,50,111,103,8
"E00033697",135,36,9,27,99,91,8
"E00033698",151,45,12,33,106,89,17
"E00033699",177,52,11,41,125,111,14
"E00033700",106,31,4,27,75,67,8
"E00033701",201,60,19,41,141,121,20
"E00033702",54,13,7,6,41,38,3
"E00033703",77,30,8,22,47,43,4
"E00033704",208,60,15,45,148,119,29
"E00033705",228,53,11,42,175,154,21
"E00033706",63,20,4,16,43,39,4
"E00033707",128,33,13,20,95,87,8
"E00033708",69,20,1,19,49,46,3
"E00033709",81,31,3,28,50,41,9
"E00033710",142,44,10,34,98,80,18
"E00033711",36,17,5,12,19,18,1
"E00033712",170,46,14,32,124,102,22
"E00033713",144,42,12,30,102,88,14
"E00033715",184,48,10,38,136,121,15
"E00033716",72,27,8,19,45,39,6
"E00033717",113,37,15,22,76,66,10
"E00033718",199,52,12,40,147,128,19
"E00033719",203,47,16,31,156,133,23
"E00033720",166,43,14,29,123,104,19
"E00033721",178,57,16,41,121,106,15
"E00033722",103,32,11,21,71,61,10
"E00033723",187,55,17,38,132,112,20
"E00033724",122,32,5,27,90,76,14
"E00033725",168,41,9,32,127,106,21
"E00033726",127,33,6,27,94,83,11
"E00033727",107,38,10,28,69,64,5
"E00033728",271,75,24,51,196,169,27
"E00033729",109,21,4,17,88,75,13
"E00033730",138,45,9,36,93,79,14
"E00033731",84,23,7,16,61,53,8
"E00033732",116,35,7,28,81,72,9
"E00033733",108,22,4,18,86,77,9
"E00033734",102,25,2,23,77,70,7
"E00033735",13,2,1,1,11,10,1
"E00033736",119,34,11,23,85,79,6
"E00033737",183,52,14,38,131,114,17
"E00033738",48,15,0,15,33,33,0
"E00033739",104,37,6,31,67,62,5
"E00033740",146,33,8,25,113,98,15
"E00033741",132,37,9,28,95,81,14
"E00033742",140,36,7,29,104,100,4
"E00033743",121,36,10,26,85,77,8
"E00033744",142,49,17,32,93,81,12
"E00033745",49,13,3,10,36,34,2
"E00033746",90,31,4,27,59,53,6
"E00033747",136,45,12,33,91,83,8
"E00033748",112,35,12,23,77,72,5
"E00033749",130,31,6,25,99,90,9
"E00033750",200,45,10,35,155,129,26
"E00033752",177,40,9,31,137,118,19
"E00033753",138,40,11,29,98,90,8
"E00033754",155,45,9,36,110,97,13
"E00033755",173,54,15,39,119,104,15
"E00033756",176,49,5,44,127,113,14
"E00033758",108,27,7,20,81,73,8
"E00033759",55,19,2,17,36,32,4
"E00033762",156,46,4,42,110,88,22
"E00033763",185,56,8,48,129,113,16
"E00033764",221,68,16,52,153,130,23
"E00033765",144,40,14,26,104,87,17
"E00033766",210,71,18,53,139,121,18
"E00033767",152,37,12,25,115,97,18
"E00033768",155,46,21,25,109,94,15
"E00033769",55,10,4,6,45,44,1
"E00033770",244,69,23,46,175,153,22
"E00033771",204,57,8,49,147,119,28
"E00033773",130,39,9,30,91,83,8
"E00033774",159,42,10,32,117,98,19
"E00033775",165,52,11,41,113,98,15
"E00033776",90,32,9,23,58,51,7
"E00033777",130,32,7,25,98,78,20
"E00033778",193,53,13,40,140,122,18
"E00033779",91,37,9,28,54,52,2
"E00033780",131,40,15,25,91,81,10
"E00033781",140,40,8,32,100,89,11
"E00033782",145,37,13,24,108,94,14
"E00033783",149,37,8,29,112,96,16
"E00033784",184,56,14,42,128,110,18
"E00033785",156,45,11,34,111,102,9
"E00033786",255,58,13,45,197,164,33
"E00033787",198,65,16,49,133,114,19
"E00033788",170,42,13,29,128,112,16
"E00033789",160,43,11,32,117,101,16
"E00033790",160,50,15,35,110,91,19
"E00033791",113,44,8,36,69,66,3
"E00033792",117,36,5,31,81,69,12
"E00033793",104,42,9,33,62,55,7
"E00033794",85,35,5,30,50,44,6
"E00033795",131,38,9,29,93,83,10
"E00033796",85,30,5,25,55,48,7
"E00033797",88,26,5,21,62,51,11
"E00033798",190,66,23,43,124,95,29
"E00033799",103,41,8,33,62,58,4
"E00033800",109,30,3,27,79,67,12
"E00033801",76,30,5,25,46,39,7
"E00033802",68,20,2,18,48,47,1
"E00033803",111,45,13,32,66,61,5
"E00033804",86,31,8,23,55,49,6
"E00033805",50,21,2,19,29,28,1
"E00033806",109,23,7,16,86,74,12
"E00033807",159,63,27,36,96,85,11
"E00033808",45,26,6,20,19,13,6
"E00033810",74,30,8,22,44,30,14
"E00033811",109,50,15,35,59,44,15
"E00033812",100,41,10,31,59,54,5
"E00033813",143,57,20,37,86,72,14
"E00033814",78,41,5,36,37,33,4
"E00033815",103,40,14,26,63,53,10
"E00033816",104,40,10,30,64,54,10
"E00033818",48,22,6,16,26,24,2
"E00033819",91,29,10,19,62,56,6
"E00033820",78,32,10,22,46,34,12
"E00033821",54,21,5,16,33,27,6
"E00033822",105,39,10,29,66,60,6
"E00033823",40,13,4,9,27,20,7
"E00033824",121,52,17,35,69,62,7
"E00033825",93,33,8,25,60,52,8
"E00033826",189,51,17,34,138,113,25
"E00033827",121,49,22,27,72,62,10
"E00033828",103,39,11,28,64,52,12
"E00033829",110,32,11,21,78,69,9
"E00033832",137,29,10,19,108,89,19
"E00033833",154,50,16,34,104,83,21
"E00033836",62,12,4,8,50,41,9
"E00033837",107,38,10,28,69,63,6
"E00033838",74,28,8,20,46,40,6
"E00033839",173,55,19,36,118,103,15
"E00033840",131,29,10,19,102,78,24
"E00033841",87,30,4,26,57,47,10
"E00033842",110,46,21,25,64,50,14
"E00033843",71,35,4,31,36,32,4
"E00033844",58,25,7,18,33,33,0
"E00033845",104,28,12,16,76,58,18
"E00033846",158,60,25,35,98,86,12
"E00033847",71,35,12,23,36,34,2
"E00033848",206,59,24,35,147,129,18
"E00033849",176,56,18,38,120,100,20
"E00033850",198,51,21,30,147,120,27
"E00033851",134,43,21,22,91,80,11
"E00033852",119,38,12,26,81,68,13
"E00033853",140,37,14,23,103,80,23
"E00033854",156,44,11,33,112,103,9
"E00033855",75,25,8,17,50,43,7
"E00033856",58,18,7,11,40,35,5
"E00033857",127,37,5,32,90,76,14
"E00033859",126,34,9,25,92,70,22
"E00033861",168,50,19,31,118,103,15
"E00033862",151,42,15,27,109,97,12
"E00033863",157,42,15,27,115,100,15
"E00033864",130,41,7,34,89,74,15
"E00033865",185,52,19,33,133,121,12
"E00033866",161,47,10,37,114,90,24
"E00033867",153,38,10,28,115,95,20
"E00033868",172,57,14,43,115,98,17
"E00033869",169,44,20,24,125,103,22
"E00033870",65,24,11,13,41,33,8
"E00033871",144,44,10,34,100,88,12
"E00033872",171,36,12,24,135,122,13
"E00033873",145,42,12,30,103,88,15
"E00033874",163,53,19,34,110,92,18
"E00033875",150,48,11,37,102,86,16
"E00033876",135,38,11,27,97,86,11
"E00033877",183,55,18,37,128,114,14
"E00033878",142,36,11,25,106,89,17
"E00033879",159,40,13,27,119,104,15
"E00033880",226,61,16,45,165,143,22
"E00033881",169,45,10,35,124,107,17
"E00033882",130,40,11,29,90,82,8
"E00033883",139,37,11,26,102,88,14
"E00033884",155,45,13,32,110,93,17
"E00033885",258,52,14,38,206,174,32
"E00033886",140,50,13,37,90,74,16
"E00033887",188,53,16,37,135,124,11
"E00033888",175,47,15,32,128,115,13
"E00033889",150,43,14,29,107,81,26
"E00033890",78,19,7,12,59,43,16
"E00033891",124,29,10,19,95,83,12
"E00033892",46,10,3,7,36,31,5
"E00033893",115,45,13,32,70,64,6
"E00033894",154,42,12,30,112,102,10
"E00033895",128,36,15,21,92,75,17
"E00033896",164,46,19,27,118,91,27
"E00033897",145,41,17,24,104,76,28
"E00033898",149,60,14,46,89,78,11
"E00033899",87,24,4,20,63,57,6
"E00033900",75,30,5,25,45,38,7
"E00033901",126,51,19,32,75,63,12
"E00033902",105,53,12,41,52,45,7
"E00033903",82,26,10,16,56,47,9
"E00033904",93,38,13,25,55,52,3
"E00033905",49,17,5,12,32,28,4
"E00033906",67,33,20,13,34,33,1
"E00033907",130,37,10,27,93,81,12
"E00033908",128,41,9,32,87,77,10
"E00033909",112,43,16,27,69,61,8
"E00033910",140,60,18,42,80,65,15
"E00033911",117,40,16,24,77,66,11
"E00033913",110,17,2,15,93,78,15
"E00033914",125,45,10,35,80,63,17
"E00033915",86,31,9,22,55,45,10
"E00033917",123,39,8,31,84,73,11
"E00033918",76,26,7,19,50,43,7
"E00033919",70,24,9,15,46,42,4
"E00033920",79,27,7,20,52,47,5
"E00033921",138,52,6,46,86,80,6
"E00033922",172,59,15,44,113,102,11
"E00033923",79,23,4,19,56,48,8
"E00033924",138,50,8,42,88,79,9
"E00033925",77,22,7,15,55,45,10
"E00033926",114,35,8,27,79,73,6
"E00033927",149,67,16,51,82,74,8
"E00033928",84,27,4,23,57,47,10
"E00033930",97,41,8,33,56,48,8
"E00033931",114,41,11,30,73,71,2
"E00033932",123,54,24,30,69,64,5
"E00033933",99,45,12,33,54,50,4
"E00033934",115,32,11,21,83,75,8
"E00033935",103,32,8,24,71,62,9
"E00033936",92,29,8,21,63,54,9
"E00033937",67,24,4,20,43,41,2
"E00033938",111,44,8,36,67,59,8
"E00033939",97,33,11,22,64,59,5
"E00033940",108,42,9,33,66,60,6
"E00033941",114,32,9,23,82,77,5
"E00033942",122,36,7,29,86,69,17
"E00033943",125,32,8,24,93,82,11
"E00033944",116,47,21,26,69,63,6
"E00033945",89,16,4,12,73,66,7
"E00033946",139,48,11,37,91,85,6
"E00033947",102,44,10,34,58,54,4
"E00033948",118,33,8,25,85,80,5
"E00033949",77,30,7,23,47,44,3
"E00033950",130,32,9,23,98,86,12
"E00033951",118,42,12,30,76,68,8
"E00033952",194,59,6,53,135,116,19
"E00033953",138,56,18,38,82,74,8
"E00033954",63,22,2,20,41,39,2
"E00033955",121,47,12,35,74,64,10
"E00033956",28,12,5,7,16,14,2
"E00033957",126,34,8,26,92,80,12
"E00033958",113,54,9,45,59,53,6
"E00033959",100,36,5,31,64,57,7
"E00033960",126,48,10,38,78,68,10
"E00033961",115,33,5,28,82,69,13
"E00033962",111,40,9,31,71,67,4
"E00033963",121,41,8,33,80,72,8
"E00033964",69,32,4,28,37,31,6
"E00033965",83,19,2,17,64,53,11
"E00033966",104,31,4,27,73,63,10
"E00033967",89,34,5,29,55,50,5
"E00033968",46,14,8,6,32,26,6
"E00033969",114,30,5,25,84,73,11
"E00033970",88,33,5,28,55,44,11
"E00033971",54,21,6,15,33,30,3
"E00033972",96,35,8,27,61,45,16
"E00033973",64,32,0,32,32,29,3
"E00033974",91,25,4,21,66,55,11
"E00033975",114,30,7,23,84,73,11
"E00033976",96,26,4,22,70,62,8
"E00033977",36,13,2,11,23,21,2
"E00033978",58,14,2,12,44,38,6
"E00033979",21,9,2,7,12,11,1
"E00033980",76,30,10,20,46,42,4
"E00033981",23,12,1,11,11,11,0
"E00033982",35,14,2,12,21,18,3
"E00033983",103,37,9,28,66,61,5
"E00033984",112,30,6,24,82,72,10
"E00033985",86,26,5,21,60,55,5
"E00033986",124,38,11,27,86,79,7
"E00033987",129,44,6,38,85,73,12
"E00033988",106,34,5,29,72,62,10
"E00033989",99,27,10,17,72,61,11
"E00033990",159,39,13,26,120,109,11
"E00033991",139,43,14,29,96,87,9
"E00033992",88,42,11,31,46,42,4
"E00033993",158,49,9,40,109,102,7
"E00033994",165,53,13,40,112,105,7
"E00033995",124,33,13,20,91,87,4
"E00033996",133,32,7,25,101,86,15
"E00033997",150,51,9,42,99,86,13
"E00033998",103,44,11,33,59,51,8
"E00033999",81,26,11,15,55,49,6
"E00034000",102,45,15,30,57,52,5
"E00034001",144,39,9,30,105,95,10
"E00034002",67,22,4,18,45,42,3
"E00034003",57,30,9,21,27,25,2
"E00034004",71,31,11,20,40,36,4
"E00034005",123,30,9,21,93,80,13
"E00034006",114,36,6,30,78,67,11
"E00034007",71,18,4,14,53,48,5
"E00034008",140,37,8,29,103,94,9
"E00034009",65,9,2,7,56,53,3
"E00034010",80,28,15,13,52,48,4
"E00034011",193,47,10,37,146,129,17
"E00034012",120,38,8,30,82,76,6
"E00034013",107,25,7,18,82,73,9
"E00034014",87,41,9,32,46,43,3
"E00034015",87,35,9,26,52,45,7
"E00034016",79,27,9,18,52,50,2
"E00034017",159,54,18,36,105,94,11
"E00034019",117,38,3,35,79,69,10
"E00034020",156,49,12,37,107,90,17
"E00034021",143,53,14,39,90,79,11
"E00034022",159,37,7,30,122,109,13
"E00034023",84,22,3,19,62,44,18
"E00034024",129,37,3,34,92,84,8
"E00034025",107,45,8,37,62,59,3
"E00034026",129,37,7,30,92,80,12
"E00034027",95,27,7,20,68,64,4
"E00034028",150,45,12,33,105,96,9
"E00034029",161,37,4,33,124,109,15
"E00034030",108,25,7,18,83,75,8
"E00034031",105,25,7,18,80,70,10
"E00034032",164,55,16,39,109,97,12
"E00034033",129,38,12,26,91,83,8
"E00034034",153,51,10,41,102,91,11
"E00034035",138,47,14,33,91,82,9
"E00034036",157,54,15,39,103,94,9
"E00034037",156,44,11,33,112,105,7
"E00034038",173,61,11,50,112,98,14
"E00034039",128,34,1,33,94,86,8
"E00034040",133,38,4,34,95,88,7
"E00034041",141,54,14,40,87,77,10
"E00034042",147,52,12,40,95,83,12
"E00034043",127,37,10,27,90,85,5
"E00034044",145,44,5,39,101,88,13
"E00034045",132,48,11,37,84,74,10
"E00034046",110,43,11,32,67,56,11
"E00034047",117,31,6,25,86,80,6
"E00034048",123,47,12,35,76,65,11
"E00034049",131,30,4,26,101,92,9
"E00034050",159,39,8,31,120,109,11
"E00034051",107,20,4,16,87,79,8
"E00034052",134,39,7,32,95,85,10
"E00034053",154,46,15,31,108,92,16
"E00034054",145,39,9,30,106,98,8
"E00034055",158,51,16,35,107,98,9
"E00034056",97,43,11,32,54,43,11
"E00034057",94,24,3,21,70,64,6
"E00034058",106,27,5,22,79,73,6
"E00034059",166,51,15,36,115,104,11
"E00034061",175,57,18,39,118,110,8
"E00034062",168,75,27,48,93,87,6
"E00034063",177,103,53,50,74,67,7
"E00034064",150,100,58,42,50,43,7
"E00034065",133,37,15,22,96,85,11
"E00034066",106,39,13,26,67,62,5
"E00034067",161,55,21,34,106,97,9
"E00034068",120,39,19,20,81,71,10
"E00034069",187,97,48,49,90,81,9
"E00034070",136,57,21,36,79,69,10
"E00034071",174,60,19,41,114,98,16
"E00034072",94,38,16,22,56,47,9
"E00034073",131,65,26,39,66,57,9
"E00034074",159,53,22,31,106,97,9
"E00034075",95,23,4,19,72,68,4
"E00034076",119,56,20,36,63,54,9
"E00034077",102,31,8,23,71,65,6
"E00034078",103,47,14,33,56,51,5
"E00034079",123,55,10,45,68,59,9
"E00034080",127,41,14,27,86,77,9
"E00034081",151,44,19,25,107,91,16
"E00034082",79,16,6,10,63,55,8
"E00034083",111,39,22,17,72,62,10
"E00034084",103,50,21,29,53,44,9
"E00034085",108,51,25,26,57,52,5
"E00034086",42,14,5,9,28,26,2
"E00034087",91,45,24,21,46,39,7
"E00034088",113,44,10,34,69,58,11
"E00034089",118,44,24,20,74,67,7
"E00034090",124,54,24,30,70,65,5
"E00034091",87,48,23,25,39,32,7
"E00034092",119,45,21,24,74,69,5
"E00034093",139,75,32,43,64,57,7
"E00034094",183,84,40,44,99,85,14
"E00034095",101,33,12,21,68,62,6
"E00034096",126,61,34,27,65,58,7
"E00034097",138,65,33,32,73,65,8
"E00034098",141,51,28,23,90,77,13
"E00034099",128,57,34,23,71,59,12
"E00034100",169,51,19,32,118,106,12
"E00034101",138,37,8,29,101,86,15
"E00034102",109,31,8,23,78,66,12
"E00034104",165,58,15,43,107,100,7
"E00034105",111,42,18,24,69,62,7
"E00034106",114,35,12,23,79,66,13
"E00034107",141,55,18,37,86,71,15
"E00034108",66,29,12,17,37,30,7
"E00034109",77,18,8,10,59,56,3
"E00034110",167,47,9,38,120,108,12
"E00034111",92,37,3,34,55,52,3
"E00034113",118,38,7,31,80,78,2
"E00034114",115,48,14,34,67,62,5
"E00034115",117,36,6,30,81,72,9
"E00034116",112,43,6,37,69,62,7
"E00034117",101,43,6,37,58,53,5
"E00034118",74,27,6,21,47,44,3
"E00034119",121,42,10,32,79,72,7
"E00034120",98,35,12,23,63,57,6
"E00034121",101,33,5,28,68,62,6
"E00034122",101,40,11,29,61,54,7
"E00034123",82,28,4,24,54,47,7
"E00034124",104,42,8,34,62,57,5
"E00034125",83,35,9,26,48,42,6
"E00034126",198,58,18,40,140,126,14
"E00034127",144,51,8,43,93,81,12
"E00034130",112,37,7,30,75,68,7
"E00034131",151,39,13,26,112,100,12
"E00034132",57,20,6,14,37,31,6
"E00034133",113,37,8,29,76,72,4
"E00034134",110,49,15,34,61,57,4
"E00034135",109,36,8,28,73,66,7
"E00034136",135,42,11,31,93,89,4
"E00034137",87,35,6,29,52,49,3
"E00034138",96,41,4,37,55,51,4
"E00034139",98,40,6,34,58,54,4
"E00034140",94,29,11,18,65,55,10
"E00034141",58,21,6,15,37,34,3
"E00034142",142,52,14,38,90,84,6
"E00034143",124,38,9,29,86,77,9
"E00034144",126,39,16,23,87,79,8
"E00034145",79,24,6,18,55,52,3
"E00034146",98,55,11,44,43,33,10
"E00034147",69,23,3,20,46,42,4
"E00034148",112,51,10,41,61,56,5
"E00034149",87,31,3,28,56,52,4
"E00034150",83,31,6,25,52,49,3
"E00034151",97,47,15,32,50,49,1
"E00034152",120,41,10,31,79,70,9
"E00034153",94,42,9,33,52,46,6
"E00034154",126,39,7,32,87,75,12
"E00034155",114,34,4,30,80,75,5
"E00034156",65,26,6,20,39,34,5
"E00034157",114,32,9,23,82,75,7
"E00034158",133,33,6,27,100,95,5
"E00034159",147,47,12,35,100,87,13
"E00034160",108,31,11,20,77,69,8
"E00034161",122,44,13,31,78,68,10
"E00034162",142,45,10,35,97,84,13
"E00034163",85,27,10,17,58,51,7
"E00034164",128,52,14,38,76,69,7
"E00034165",59,28,0,28,31,31,0
"E00034167",127,58,15,43,69,68,1
"E00034168",144,46,13,33,98,92,6
"E00034169",162,42,14,28,120,100,20
"E00034170",135,45,11,34,90,77,13
"E00034171",127,36,9,27,91,77,14
"E00034172",148,50,9,41,98,88,10
"E00034173",128,27,12,15,101,90,11
"E00034174",114,33,10,23,81,71,10
"E00034175",84,25,6,19,59,51,8
"E00034176",91,20,2,18,71,66,5
"E00034177",133,47,13,34,86,76,10
"E00034178",149,40,14,26,109,105,4
"E00034180",185,72,21,51,113,103,10
"E00034182",40,15,1,14,25,22,3
"E00034184",103,39,12,27,64,59,5
"E00034185",87,29,12,17,58,56,2
"E00034187",74,19,5,14,55,45,10
"E00034188",143,54,14,40,89,79,10
"E00034189",105,30,7,23,75,72,3
"E00034190",89,34,4,30,55,50,5
"E00034191",102,28,9,19,74,66,8
"E00034192",124,46,3,43,78,71,7
"E00034193",107,43,11,32,64,57,7
"E00034194",80,23,1,22,57,55,2
"E00034195",98,41,7,34,57,54,3
"E00034196",115,48,16,32,67,59,8
"E00034197",113,45,8,37,68,60,8
"E00034199",87,25,7,18,62,57,5
"E00034200",106,67,41,26,39,33,6
"E00034201",99,37,14,23,62,57,5
"E00034202",72,32,7,25,40,37,3
"E00034203",121,65,27,38,56,52,4
"E00034208",72,30,19,11,42,38,4
"E00034209",60,20,11,9,40,38,2
"E00034211",92,24,8,16,68,63,5
"E00034212",91,42,14,28,49,44,5
"E00034213",144,57,17,40,87,78,9
"E00034215",39,22,7,15,17,13,4
"E00034216",128,60,21,39,68,60,8
"E00034219",71,33,13,20,38,33,5
"E00034221",82,28,6,22,54,49,5
"E00034222",141,60,19,41,81,71,10
"E00034223",75,46,15,31,29,26,3
"E00034224",128,73,42,31,55,52,3
"E00034225",104,45,23,22,59,56,3
"E00034227",115,65,31,34,50,46,4
"E00034228",119,78,51,27,41,40,1
"E00034230",142,76,36,40,66,61,5
"E00034231",147,70,48,22,77,68,9
"E00034234",107,39,8,31,68,57,11
"E00034235",117,39,7,32,78,69,9
"E00034236",111,36,7,29,75,69,6
"E00034237",144,56,12,44,88,82,6
"E00034238",45,9,2,7,36,33,3
"E00034239",111,40,8,32,71,67,4
"E00034240",102,36,8,28,66,58,8
"E00034241",111,38,7,31,73,65,8
"E00034242",84,34,8,26,50,49,1
"E00034243",153,64,11,53,89,80,9
"E00034244",116,35,6,29,81,73,8
"E00034245",93,23,3,20,70,57,13
"E00034246",81,20,0,20,61,55,6
"E00034247",95,30,11,19,65,55,10
"E00034248",74,23,6,17,51,47,4
"E00034249",75,28,2,26,47,41,6
"E00034250",120,48,10,38,72,65,7
"E00034251",136,37,18,19,99,92,7
"E00034252",184,49,8,41,135,114,21
"E00034253",117,40,8,32,77,74,3
"E00034254",96,38,10,28,58,52,6
"E00034255",94,31,7,24,63,56,7
"E00034256",119,38,6,32,81,70,11
"E00034257",101,33,10,23,68,62,6
"E00034258",113,42,6,36,71,63,8
"E00034259",92,42,4,38,50,44,6
"E00034260",82,26,3,23,56,51,5
"E00034261",97,35,6,29,62,57,5
"E00034262",118,30,12,18,88,81,7
"E00034263",85,30,5,25,55,53,2
"E00034264",111,37,9,28,74,71,3
"E00034265",276,77,15,62,199,178,21
"E00034266",129,37,6,31,92,83,9
"E00034267",136,40,14,26,96,81,15
"E00034268",216,74,10,64,142,131,11
"E00034269",68,19,5,14,49,45,4
"E00034270",171,42,12,30,129,115,14
"E00034271",153,52,15,37,101,94,7
"E00034272",127,34,8,26,93,82,11
"E00034273",69,14,4,10,55,51,4
"E00034274",86,20,6,14,66,58,8
"E00034275",140,44,12,32,96,89,7
"E00034276",144,46,12,34,98,84,14
"E00034277",122,34,14,20,88,80,8
"E00034278",158,37,12,25,121,103,18
"E00034279",141,42,15,27,99,84,15
"E00034280",36,14,4,10,22,21,1
"E00034281",88,31,17,14,57,53,4
"E00034282",190,53,13,40,137,119,18
"E00034283",181,61,21,40,120,107,13
"E00034284",130,40,9,31,90,74,16
"E00034285",103,33,13,20,70,61,9
"E00034286",103,45,6,39,58,53,5
"E00034287",80,28,6,22,52,48,4
"E00034288",143,50,11,39,93,83,10
"E00034289",90,34,7,27,56,52,4
"E00034290",113,43,10,33,70,65,5
"E00034291",82,33,5,28,49,41,8
"E00034292",113,38,11,27,75,68,7
"E00034293",105,26,8,18,79,73,6
"E00034294",290,73,22,51,217,183,34
"E00034295",90,32,4,28,58,55,3
"E00034296",144,37,11,26,107,94,13
"E00034297",106,32,6,26,74,69,5
"E00034298",140,41,15,26,99,90,9
"E00034299",105,41,11,30,64,61,3
"E00034300",93,26,7,19,67,61,6
"E00034301",86,28,8,20,58,47,11
"E00034302",139,37,8,29,102,90,12
"E00034303",90,31,6,25,59,53,6
"E00034304",99,28,10,18,71,59,12
"E00034305",114,31,11,20,83,72,11
"E00034306",121,48,14,34,73,69,4
"E00034307",108,24,8,16,84,78,6
"E00034308",162,47,13,34,115,105,10
"E00034309",89,27,9,18,62,53,9
"E00034310",117,33,9,24,84,69,15
"E00034311",113,39,14,25,74,69,5
"E00034312",125,44,4,40,81,75,6
"E00034313",114,42,12,30,72,62,10
"E00034314",98,39,6,33,59,53,6
"E00034315",56,15,2,13,41,36,5
"E00034316",93,29,6,23,64,55,9
"E00034317",122,33,9,24,89,81,8
"E00034318",87,39,5,34,48,42,6
"E00034319",112,36,6,30,76,67,9
"E00034320",59,24,5,19,35,34,1
"E00034321",44,16,1,15,28,22,6
"E00034322",112,49,9,40,63,58,5
"E00034323",100,33,7,26,67,62,5
"E00034324",73,36,7,29,37,36,1
"E00034325",101,36,11,25,65,60,5
"E00034326",110,37,9,28,73,69,4
"E00034327",134,45,12,33,89,77,12
"E00034328",179,57,12,45,122,101,21
"E00034329",85,36,8,28,49,44,5
"E00034330",75,25,4,21,50,41,9
"E00034331",88,23,4,19,65,56,9
"E00034332",135,42,3,39,93,84,9
"E00034333",129,44,15,29,85,70,15
"E00034334",52,22,4,18,30,25,5
"E00034335",101,43,11,32,58,53,5
"E00034336",87,33,8,25,54,50,4
"E00034337",181,41,9,32,140,120,20
"E00034338",149,46,16,30,103,98,5
"E00034339",142,44,14,30,98,87,11
"E00034340",108,34,8,26,74,65,9
"E00034341",160,52,21,31,108,93,15
"E00034342",118,39,8,31,79,75,4
"E00034343",125,33,6,27,92,81,11
"E00034344",159,41,12,29,118,103,15
"E00034345",114,22,6,16,92,74,18
"E00034346",33,8,1,7,25,25,0
"E00034347",94,23,7,16,71,64,7
"E00034348",83,33,11,22,50,45,5
"E00034349",75,32,11,21,43,38,5
"E00034350",52,23,4,19,29,25,4
"E00034351",124,42,17,25,82,72,10
"E00034352",76,31,5,26,45,34,11
"E00034353",81,32,8,24,49,44,5
"E00034354",85,43,6,37,42,37,5
"E00034355",78,31,7,24,47,41,6
"E00034356",38,19,5,14,19,16,3
"E00034358",153,46,6,40,107,96,11
"E00034359",123,24,4,20,99,91,8
"E00034360",58,21,4,17,37,31,6
"E00034361",65,21,3,18,44,39,5
"E00034362",51,19,3,16,32,29,3
"E00034363",105,37,10,27,68,61,7
"E00034364",87,30,5,25,57,55,2
"E00034365",109,40,8,32,69,64,5
"E00034366",85,40,11,29,45,42,3
"E00034368",120,46,14,32,74,66,8
"E00034369",122,37,6,31,85,78,7
"E00034371",54,27,8,19,27,25,2
"E00034372",69,23,5,18,46,39,7
"E00034373",44,15,4,11,29,29,0
"E00034374",92,35,10,25,57,50,7
"E00034375",238,66,17,49,172,150,22
"E00034376",158,47,13,34,111,99,12
"E00034377",182,52,12,40,130,116,14
"E00034378",166,49,15,34,117,105,12
"E00034379",206,47,16,31,159,146,13
"E00034380",177,59,13,46,118,112,6
"E00034381",282,84,18,66,198,163,35
"E00034382",156,39,9,30,117,105,12
"E00034383",228,69,21,48,159,137,22
"E00034384",132,36,9,27,96,78,18
"E00034386",204,54,22,32,150,135,15
"E00034387",111,34,7,27,77,74,3
"E00034388",69,29,9,20,40,35,5
"E00034389",93,30,7,23,63,61,2
"E00034390",194,62,19,43,132,119,13
"E00034391",230,61,10,51,169,152,17
"E00034392",152,54,12,42,98,87,11
"E00034393",117,35,6,29,82,70,12
"E00034394",167,43,14,29,124,112,12
"E00034395",109,29,5,24,80,70,10
"E00034396",144,46,5,41,98,92,6
"E00034397",163,43,7,36,120,107,13
"E00034398",152,38,13,25,114,96,18
"E00034399",175,43,14,29,132,112,20
"E00034400",109,25,9,16,84,76,8
"E00034401",177,63,17,46,114,103,11
"E00034402",145,37,10,27,108,95,13
"E00034403",161,39,13,26,122,114,8
"E00034404",157,43,5,38,114,107,7
"E00034405",174,51,10,41,123,115,8
"E00034406",186,49,10,39,137,117,20
"E00034409",182,56,17,39,126,108,18
"E00034410",150,40,13,27,110,98,12
"E00034412",143,33,7,26,110,94,16
"E00034413",113,36,8,28,77,70,7
"E00034414",125,29,5,24,96,85,11
"E00034415",131,50,6,44,81,72,9
"E00034416",156,51,10,41,105,96,9
"E00034417",67,37,5,32,30,25,5
"E00034418",222,77,15,62,145,137,8
"E00034419",118,41,10,31,77,74,3
"E00034420",130,44,14,30,86,83,3
"E00034421",148,52,9,43,96,87,9
"E00034422",113,39,13,26,74,59,15
"E00034424",62,17,3,14,45,39,6
"E00034425",124,46,10,36,78,72,6
"E00034426",181,61,13,48,120,102,18
"E00034427",79,25,3,22,54,49,5
"E00034428",133,38,7,31,95,88,7
"E00034429",96,32,3,29,64,56,8
"E00034430",110,41,6,35,69,59,10
"E00034431",117,34,6,28,83,69,14
"E00034432",203,51,9,42,152,137,15
"E00034433",129,30,4,26,99,86,13
"E00034434",183,52,17,35,131,94,37
"E00034435",136,46,15,31,90,70,20
"E00034436",151,36,9,27,115,88,27
"E00034437",135,34,9,25,101,90,11
"E00034438",118,40,8,32,78,63,15
"E00034439",165,42,18,24,123,88,35
"E00034440",128,37,12,25,91,70,21
"E00034441",149,53,19,34,96,80,16
"E00034442",156,48,13,35,108,78,30
"E00034443",124,40,16,24,84,69,15
"E00034444",134,35,10,25,99,84,15
"E00034445",140,40,12,28,100,82,18
"E00034446",198,49,14,35,149,111,38
"E00034447",178,46,19,27,132,95,37
"E00034448",141,44,11,33,97,75,22
"E00034449",64,15,4,11,49,36,13
"E00034451",145,36,9,27,109,78,31
"E00034453",124,30,8,22,94,71,23
"E00034454",57,14,6,8,43,37,6
"E00034455",131,32,14,18,99,87,12
"E00034456",129,42,13,29,87,73,14
"E00034457",104,35,11,24,69,60,9
"E00034458",82,27,4,23,55,45,10
"E00034459",129,38,8,30,91,78,13
"E00034460",59,14,4,10,45,40,5
"E00034461",78,22,5,17,56,46,10
"E00034462",117,32,12,20,85,64,21
"E00034463",112,45,18,27,67,47,20
"E00034464",126,34,12,22,92,77,15
"E00034465",113,35,11,24,78,50,28
"E00034466",139,42,15,27,97,80,17
"E00034467",136,33,4,29,103,86,17
"E00034468",134,43,7,36,91,73,18
"E00034469",148,34,10,24,114,87,27
"E00034470",166,57,16,41,109,74,35
"E00034471",126,41,17,24,85,61,24
"E00034472",164,41,10,31,123,105,18
"E00034473",133,48,14,34,85,63,22
"E00034474",144,48,13,35,96,83,13
"E00034475",109,33,5,28,76,68,8
"E00034476",105,39,12,27,66,55,11
"E00034477",158,45,13,32,113,99,14
"E00034478",129,36,11,25,93,79,14
"E00034479",157,41,17,24,116,83,33
"E00034480",51,14,4,10,37,30,7
"E00034481",98,32,9,23,66,58,8
"E00034482",59,19,5,14,40,34,6
"E00034483",129,42,12,30,87,75,12
"E00034484",137,41,10,31,96,81,15
"E00034485",138,33,10,23,105,89,16
"E00165671",176,43,11,32,133,124,9
"E00165713",62,20,7,13,42,34,8
"E00165714",60,16,6,10,44,37,7
"E00165715",185,35,6,29,150,132,18
"E00165716",116,49,7,42,67,64,3
"E00165717",82,16,4,12,66,56,10
"E00165718",211,59,19,40,152,126,26
"E00165719",109,26,6,20,83,57,26
"E00165720",165,46,18,28,119,101,18
"E00165721",62,18,8,10,44,34,10
"E00165722",171,57,20,37,114,101,13
"E00165723",115,34,9,25,81,63,18
"E00165724",198,42,15,27,156,138,18
"E00165725",63,24,7,17,39,31,8
"E00165726",155,50,10,40,105,92,13
"E00165727",80,26,6,20,54,51,3
"E00165729",156,48,21,27,108,98,10
"E00165730",251,80,25,55,171,137,34
"E00165731",143,38,6,32,105,91,14
"E00165758",79,32,7,25,47,42,5
"E00165759",140,31,8,23,109,94,15
"E00165760",37,14,4,10,23,20,3
"E00165762",191,54,11,43,137,123,14
"E00165763",79,29,11,18,50,40,10
"E00176596",104,28,8,20,76,70,6
"E00176597",73,29,12,17,44,34,10
"E00176598",157,37,11,26,120,104,16
"E00176599",68,21,6,15,47,39,8
"E00176600",113,23,5,18,90,73,17
"E00176601",216,63,19,44,153,124,29
"E00176602",69,22,8,14,47,40,7
"E00176603",139,17,10,7,122,99,23
"E00176604",117,8,3,5,109,90,19
"E00176605",159,19,4,15,140,125,15
"E00176606",141,19,13,6,122,111,11
"E00176607",138,31,12,19,107,88,19
"E00176608",162,16,2,14,146,121,25
"E00176609",93,49,14,35,44,38,6
"E00176610",97,38,8,30,59,49,10
"E00176611",73,46,28,18,27,23,4
"E00176612",120,62,34,28,58,53,5
"E00176613",116,41,15,26,75,66,9
"E00176614",175,115,72,43,60,48,12
"E00176615",74,28,11,17,46,37,9
"E00176616",122,62,44,18,60,47,13
"E00176617",131,99,82,17,32,20,12
"E00176618",83,36,8,28,47,40,7
"E00176619",158,48,27,21,110,91,19
"E00176620",165,69,41,28,96,69,27
"E00176621",94,17,8,9,77,57,20
"E00176622",142,24,6,18,118,103,15
"E00176623",64,16,8,8,48,35,13
"E00176624",266,211,155,56,55,47,8
"E00176625",133,16,3,13,117,93,24
"E00176626",166,22,12,10,144,115,29
"E00176627",85,12,2,10,73,56,17
"E00176628",152,26,13,13,126,115,11
"E00176629",120,30,10,20,90,59,31
"E00176630",161,43,15,28,118,112,6
"E00176631",88,36,11,25,52,44,8
"E00176632",133,39,5,34,94,82,12
"E00176633",90,26,7,19,64,60,4
"E00176634",108,83,68,15,25,18,7
"E00176635",145,42,24,18,103,90,13
"E00176636",86,25,11,14,61,52,9
"E00176637",57,19,9,10,38,34,4
"E00176638",143,19,10,9,124,104,20
"E00176639",100,92,69,23,8,6,2
"E00176640",196,82,41,41,114,90,24
"E00176641",38,15,5,10,23,20,3
"E00176642",213,28,14,14,185,146,39
"E00176643",146,18,7,11,128,106,22
"E00176644",83,21,15,6,62,53,9
"E00176645",131,20,7,13,111,94,17
"E00176646",81,32,9,23,49,45,4
"E00176647",122,19,12,7,103,82,21
"E00176648",217,84,30,54,133,119,14
"E00176649",63,19,2,17,44,39,5
"E00176650",146,14,5,9,132,110,22
"E00176651",99,38,8,30,61,58,3
"E00176652",124,30,22,8,94,79,15
"E00176653",290,57,29,28,233,208,25
"E00176654",144,22,7,15,122,85,37
"E00176655",85,52,30,22,33,23,10
"E00176656",149,19,7,12,130,101,29
"E00176657",142,29,8,21,113,93,20
"E00176658",163,72,35,37,91,81,10
"E00176659",150,71,44,27,79,59,20
"E00176660",137,21,8,13,116,97,19
"E00176661",72,56,28,28,16,11,5
"E00176662",164,48,11,37,116,93,23
"E00176663",133,43,14,29,90,83,7
"E00176664",115,35,10,25,80,73,7
"E00176665",134,57,13,44,77,67,10
"E00176666",234,144,106,38,90,75,15
"E00176667",262,84,51,33,178,141,37
"E00176668",233,63,19,44,170,140,30
"E00176669",98,21,3,18,77,64,13
"E00176670",173,43,13,30,130,117,13
"E00176671",144,37,14,23,107,97,10
"E00176672",97,23,6,17,74,63,11
"E00176673",100,32,8,24,68,55,13
"E00176674",158,33,14,19,125,107,18
"E00176675",233,24,14,10,209,154,55
"E00176676",61,26,16,10,35,30,5
"E00176677",145,46,13,33,99,87,12
"E00176678",155,42,13,29,113,98,15
"E00176679",180,29,13,16,151,117,34
"E00176680",183,20,7,13,163,125,38
"E00176681",151,16,5,11,135,109,26
"E00176682",137,16,6,10,121,97,24
"E00176683",133,22,10,12,111,87,24
"E00176684",172,27,10,17,145,115,30
"E00176685",97,40,9,31,57,47,10
"E00176686",106,19,8,11,87,77,10
"E00176687",389,290,212,78,99,78,21
"E00176688",341,315,248,67,26,23,3
"E00176689",141,122,94,28,19,18,1
"E00176690",66,49,35,14,17,16,1
"E00176691",81,47,32,15,34,22,12
"E00176692",126,43,15,28,83,68,15
"E00176693",69,22,8,14,47,41,6
"E00176694",90,36,19,17,54,42,12
"E00176695",102,34,21,13,68,51,17
"E00176696",171,67,10,57,104,91,13
"E00176697",140,33,7,26,107,91,16
"E00176698",155,140,106,34,15,12,3
"E00176699",80,30,5,25,50,46,4
"E00176700",140,23,5,18,117,103,14
"E00176701",169,17,7,10,152,120,32
"E00176702",86,50,35,15,36,31,5
"E00176703",188,26,7,19,162,139,23
"E00176704",86,27,7,20,59,55,4
"E00176705",71,19,10,9,52,47,5
"E00176706",196,34,6,28,162,142,20
"E00176707",128,23,6,17,105,98,7
"E00176708",35,13,2,11,22,20,2
"E00176709",79,61,46,15,18,13,5
"E00176710",57,29,14,15,28,25,3
"E00176711",140,108,77,31,32,26,6
"E00176712",89,47,32,15,42,38,4
"E00176713",111,98,66,32,13,11,2
"E00176714",54,20,8,12,34,32,2
"E00176715",25,7,2,5,18,13,5
"E00176716",132,16,6,10,116,91,25
"E00176717",51,11,5,6,40,35,5
"E00176718",52,23,3,20,29,24,5
"E00176719",151,19,5,14,132,115,17
"E00176720",153,41,15,26,112,98,14
"E00176721",154,30,9,21,124,98,26
"E00176722",196,35,7,28,161,127,34
"E00176723",145,35,14,21,110,72,38
"E00176724",95,27,6,21,68,59,9
"E00176725",126,16,7,9,110,80,30
"E00176726",124,54,30,24,70,64,6
"E00176727",127,39,13,26,88,77,11
"E00176728",201,66,24,42,135,88,47
"E00176729",121,36,3,33,85,72,13
"E00176730",73,9,2,7,64,56,8
"E00176731",46,15,8,7,31,26,5
"E00176732",124,55,13,42,69,61,8
"E00176733",62,28,16,12,34,30,4
"E00176734",74,15,6,9,59,51,8
"E00176735",114,29,13,16,85,71,14
"E00176736",155,28,11,17,127,103,24
"E00176737",127,31,17,14,96,85,11
"E00176738",30,16,7,9,14,13,1
"E00176739",153,33,17,16,120,96,24
"E00176740",87,57,47,10,30,22,8
"E00176741",57,19,6,13,38,33,5
"E00176742",118,25,4,21,93,81,12
"E00176743",131,34,4,30,97,79,18
"E00176744",64,49,37,12,15,12,3
"E00176745",129,32,5,27,97,83,14
"E00176746",223,48,15,33,175,145,30
"E00176747",44,18,8,10,26,24,2
"E00176748",120,20,11,9,100,82,18
"E00176749",190,24,10,14,166,132,34
"E00176750",113,42,12,30,71,65,6
"E00176751",134,26,4,22,108,100,8
"E00176752",106,29,6,23,77,62,15
"E00176753",66,28,5,23,38,36,2
"E00176754",81,32,12,20,49,43,6
"E00176755",107,40,12,28,67,59,8
"E00176756",148,13,4,9,135,113,22
"E00176757",133,19,8,11,114,97,17
"E00176758",149,123,98,25,26,21,5
"E00176759",80,38,10,28,42,34,8
"E00176760",60,16,4,12,44,39,5
"E00176761",118,33,6,27,85,67,18
"E00176762",61,25,5,20,36,32,4
"E00176763",36,19,2,17,17,17,0
"E00176764",94,27,6,21,67,59,8
"E00176765",129,25,2,23,104,83,21
"E00176766",136,33,11,22,103,90,13
"E00176767",96,31,9,22,65,55,10
"E00176768",126,44,18,26,82,75,7
"E00176769",131,23,6,17,108,100,8
"E00176770",323,156,22,134,167,141,26
"E00176771",215,163,134,29,52,39,13
"E00176772",134,52,15,37,82,67,15
"E00176773",121,33,7,26,88,71,17
"E00176774",35,14,4,10,21,20,1
